1467
1363
739
1022
1122
624
826
1067
915
240
55
27
70
1440
1451
1445
1432
1427
1472
1402
1393
1362
1385
1405
1355
1329
1322
1353
1308
1292
1304
1283
1236
1246
1261
1233
1154
597
642
1232
1008
1030
985
727
1204
1182
681
1118
914
1020
1128
460
1046
832
690
782
490
867
571
623
966
565
659
1218
528
778
487
480
945
730
1112
1189
447
478
821
943
974
484
658
555
444
1013
910
436
445
1224
1036
1217
492
1197
798
794
618
608
503
972
873
875
1136
621
593
459
557
897
595
949
973
709
937
807
1009
752
536
564
800
550
309
87
174
363
108
191
43
85
422
298
109
64
0
159
277
401
218
12
195
326
60
396
409
111
325
333
129
194
379
242
100
365
45
34
216
413
338
105
230
183
101
74
375
210
1448
1442
1470
1462
1423
1463
1457
1465
1469
1454
1439
1456
1464
1438
1452
1429
1436
1459
1424
1441
1471
1433
1466
1430
1419
1461
1449
1437
1453
1450
1455
1420
1446
1443
1435
1426
1431
1444
1473
1422
1418
1468
1458
1421
1425
1428
1434
1447
1460
1365
1368
1386
1392
1416
1375
1406
1408
1370
1397
1401
1388
1361
1391
1369
1411
1403
1371
1378
1360
1383
1366
1415
1400
1382
1413
1379
1410
1374
1390
1407
1381
1387
1396
1357
1389
1384
1356
1412
1372
1395
1394
1414
1376
1380
1399
1398
1367
1373
1359
1409
1354
1417
1404
1364
1377
1358
1326
1344
1324
1327
1328
1336
1338
1319
1330
1325
1323
1346
1331
1352
1340
1347
1332
1339
1333
1343
1349
1342
1321
1350
1334
1335
1341
1345
1320
1337
1348
1351
1303
1290
1305
1318
1315
1291
1309
1307
1295
1293
1310
1294
1286
1297
1285
1314
1298
1301
1287
1313
1288
1300
1311
1316
1299
1289
1296
1312
1302
1317
1306
1258
1282
1271
1257
1254
1266
1234
1240
1252
1253
1242
1243
1260
1284
1263
1244
1268
1277
1273
1279
1264
1245
1278
1276
1262
1281
1269
1237
1274
1280
1250
1270
1235
1265
1241
1238
1256
1239
1249
1248
1255
1272
1259
1275
1247
1251
1267
616
737
861
626
1018
691
1222
722
738
1057
785
812
1190
519
766
997
995
1141
532
533
596
748
732
805
537
453
920
470
1068
728
822
918
809
1079
657
793
929
881
1223
761
1007
520
783
858
904
986
720
1229
848
951
823
1166
692
510
1119
1158
1070
591
1081
560
1027
491
570
655
710
1069
733
589
787
676
731
549
1120
757
946
631
1214
891
1139
1184
640
1116
880
825
551
582
1100
736
581
1058
1083
1127
750
1213
461
630
467
876
726
874
540
717
668
790
810
797
482
896
586
688
465
1075
749
959
803
1111
1091
813
1096
723
622
1140
1137
476
1086
1050
831
477
926
499
802
1192
1164
573
900
953
513
968
741
1108
745
756
712
883
1002
1205
1198
774
984
1117
650
969
1225
1187
617
1135
1175
694
1169
987
1084
771
847
996
675
652
1006
1044
882
1012
770
964
960
799
1043
854
1090
921
777
1115
754
870
846
899
988
1055
713
1104
842
1114
529
719
965
647
1037
786
859
673
651
627
1144
505
1226
1150
980
907
531
1207
656
824
845
693
600
1152
538
517
1133
515
525
734
1039
471
1160
670
853
435
911
753
932
868
1145
493
878
1200
747
680
576
615
849
935
1076
527
1000
637
579
804
1029
1023
1094
523
828
590
547
944
1010
1183
992
446
976
839
869
1129
954
784
922
755
1082
612
925
1088
498
850
1011
1170
458
939
1005
769
661
1201
556
905
696
1071
906
483
1066
548
864
488
665
1143
1149
742
1208
543
546
834
609
1038
856
486
669
1077
791
999
509
780
1063
705
507
654
568
456
978
852
1157
489
772
1097
1151
948
1093
762
857
1228
1159
473
941
814
1191
1078
685
706
438
851
1142
583
1028
990
1180
811
619
729
936
1181
971
455
1040
1089
961
829
1054
1193
684
442
1173
632
1195
649
970
958
702
721
1102
574
588
1177
1227
604
788
994
950
1047
818
601
664
957
607
463
806
1035
708
542
1017
1021
677
1062
967
645
699
1051
1171
1080
1230
468
817
773
1134
522
866
1034
952
940
697
526
524
819
648
672
514
587
913
746
765
561
1202
516
674
931
1033
663
572
714
885
947
534
633
1176
1219
521
759
1074
518
666
993
469
1155
1178
1124
1004
479
575
1060
1041
763
566
1186
502
475
614
707
989
923
735
789
1148
890
1042
758
578
718
998
592
908
865
962
975
808
703
678
792
577
801
1162
689
599
855
1016
776
641
504
1014
660
740
1026
1098
795
653
716
1188
679
898
963
1101
635
1087
1138
863
843
1095
511
1121
1172
1024
903
585
1206
1073
644
485
830
833
1221
1049
1168
838
862
497
796
450
1015
646
942
835
643
1199
982
715
1056
569
437
837
991
634
700
1153
893
815
841
535
1085
840
466
1196
611
924
554
496
768
1126
1099
979
1231
1110
909
1147
662
1167
933
448
671
1048
1001
512
584
775
902
981
744
1061
1123
701
481
725
580
602
1212
1220
506
1109
1113
751
1156
1209
603
606
886
552
563
983
816
1107
541
494
917
683
451
827
760
919
567
1031
594
955
956
1065
629
1174
743
836
1146
1003
610
695
1161
454
1103
464
1092
889
779
620
1106
452
544
1019
1179
462
1045
501
530
1105
545
1203
639
1194
901
912
449
508
598
686
553
667
558
682
928
636
472
1163
440
938
977
724
1165
628
1132
764
1072
927
934
1053
687
1131
1025
711
820
1185
930
1059
474
888
879
860
625
457
704
844
495
895
1210
872
539
439
894
877
1130
887
1052
1211
767
871
1125
441
613
781
916
698
1216
1032
559
638
892
1064
500
443
605
1215
562
884
314
343
185
320
347
180
98
3
134
107
90
44
92
356
302
106
139
255
56
280
415
383
220
128
276
291
358
82
197
25
433
290
243
299
395
84
424
265
14
416
169
264
306
389
63
120
308
170
144
349
190
119
115
42
430
357
360
261
316
295
68
260
315
71
252
141
102
378
38
232
266
345
46
353
192
156
80
412
257
431
352
406
397
48
132
204
35
131
300
196
151
66
77
153
229
287
7
103
179
163
157
41
327
402
256
136
249
271
428
31
334
350
425
421
370
4
142
203
275
323
30
40
167
235
284
114
244
382
47
155
404
158
32
359
227
311
189
211
122
1
181
147
289
138
72
339
407
366
97
176
251
376
226
33
336
393
319
394
133
222
94
69
20
28
377
279
93
154
145
364
59
17
288
206
118
186
79
171
234
297
259
423
182
263
18
49
173
248
254
193
58
337
321
219
217
361
112
331
215
237
384
400
10
81
13
37
236
104
88
172
86
51
414
91
39
223
368
187
165
22
304
318
283
202
348
5
233
137
420
241
381
410
408
342
272
9
19
391
207
344
208
328
310
162
303
201
346
281
273
238
99
385
293
246
209
11
374
427
83
419
198
148
135
21
274
250
224
322
188
367
143
166
231
89
121
61
8
411
330
146
305
388
239
426
177
313
362
123
184
405
354
294
57
212
164
73
296
225
418
392
6
286
373
351
149
269
126
161
228
15
199
160
130
386
124
399
247
117
262
178
96
36
221
76
65
335
52
398
54
285
213
113
340
23
341
62
387
390
110
324
253
371
150
369
429
258
282
292
329
26
125
432
307
50
95
152
267
127
116
78
434
214
355
75
140
417
372
245
200
312
24
278
53
270
301
175
168
29
16
67
332
380
205
317
403
2
268
