1427
1395
612
905
861
811
575
918
1049
304
361
33
395
1420
1471
1459
1448
1467
1439
1414
1372
1410
1358
1390
1417
1348
1333
1351
1309
1291
1299
1240
1248
1244
1280
1233
461
646
679
1017
977
720
727
652
639
632
925
1201
1115
467
1027
994
521
1056
940
1039
938
1147
649
876
869
935
1007
800
1162
988
779
620
1032
1101
880
485
723
770
684
878
761
826
806
1018
1050
682
450
1080
504
894
1064
643
823
453
697
640
1231
751
831
710
1223
492
855
1083
1145
974
924
1095
534
1151
512
1008
939
465
703
1090
941
714
626
1119
249
411
40
106
76
215
118
26
47
203
306
35
246
161
189
389
387
397
303
198
52
8
291
175
253
125
259
434
64
140
354
92
67
382
325
115
131
366
170
162
341
278
96
62
1428
1438
1455
1445
1436
1419
1458
1470
1468
1429
1440
1465
1447
1423
1425
1464
1442
1463
1426
1430
1421
1434
1446
1441
1451
1452
1456
1424
1433
1437
1418
1457
1460
1422
1469
1473
1461
1462
1450
1472
1454
1466
1435
1432
1444
1449
1453
1431
1443
1375
1404
1370
1399
1407
1379
1373
1355
1381
1380
1413
1361
1388
1369
1387
1376
1401
1393
1356
1402
1391
1377
1392
1398
1386
1397
1383
1363
1365
1367
1416
1403
1382
1354
1389
1405
1374
1384
1385
1409
1394
1359
1406
1360
1396
1411
1357
1364
1415
1362
1368
1378
1366
1408
1400
1412
1371
1330
1343
1350
1335
1345
1334
1320
1331
1340
1353
1324
1341
1352
1338
1337
1344
1321
1336
1328
1323
1332
1349
1329
1325
1319
1326
1327
1339
1347
1322
1346
1342
1317
1303
1298
1314
1301
1315
1295
1313
1307
1318
1306
1311
1304
1290
1286
1312
1292
1300
1310
1289
1287
1293
1294
1316
1305
1288
1302
1297
1296
1308
1285
1262
1272
1239
1278
1255
1238
1274
1241
1237
1247
1235
1282
1256
1276
1252
1264
1234
1259
1263
1250
1269
1279
1242
1251
1261
1268
1257
1258
1253
1265
1275
1273
1249
1271
1283
1267
1260
1266
1243
1281
1236
1270
1284
1245
1246
1254
1277
1222
489
663
658
1044
954
1170
1020
1074
943
709
793
633
1213
1168
919
441
1174
747
1199
481
1081
1196
821
735
740
815
758
873
1041
556
1076
588
934
975
579
1097
589
991
451
824
992
480
641
698
1015
1106
447
1006
952
622
967
1055
1054
573
1135
859
456
732
956
516
1232
788
638
914
525
1157
1143
1219
509
1165
599
730
535
533
1130
1189
601
1002
479
966
688
559
702
769
920
462
636
718
901
850
867
942
677
866
460
890
1226
847
810
731
1059
724
856
650
527
817
959
968
860
541
562
624
1217
1118
510
472
619
990
1146
583
647
900
591
982
828
973
726
1113
895
437
540
739
1114
896
737
1004
466
1179
482
1087
700
690
555
1167
657
987
705
498
561
549
1138
753
1181
1197
1207
1172
783
570
448
694
586
1204
898
578
617
921
659
1160
670
951
604
986
668
1001
1225
886
613
615
439
495
692
1088
961
1116
666
978
436
1215
501
584
1099
755
683
1003
1062
656
546
664
1091
517
487
630
545
671
1120
1034
971
857
538
904
1210
560
1173
502
767
704
443
802
995
981
505
1010
1052
1019
955
906
989
848
808
660
763
984
1124
725
841
625
608
520
1161
752
885
750
529
513
1134
757
948
1186
877
706
830
1029
544
1093
707
892
1211
524
891
719
1000
1133
1107
1188
936
1075
628
1177
1220
693
491
728
868
1192
572
438
754
786
1036
1096
609
1117
1109
773
1227
1037
785
887
1016
674
592
1158
564
716
464
1166
1069
435
1105
814
1176
929
993
1035
865
1073
470
691
651
923
1103
576
744
553
765
849
729
927
507
577
1155
1112
912
999
1005
1202
528
1214
1159
469
497
550
928
884
930
1221
734
1057
1187
883
1078
818
1126
506
970
627
907
618
798
449
985
500
476
463
1194
522
1137
654
1123
681
675
889
445
976
957
768
478
519
477
1125
1149
442
844
590
712
749
1127
536
605
648
471
759
602
858
695
1067
1142
1224
1082
514
846
458
1043
864
933
1102
473
781
574
526
738
1094
558
915
872
557
1178
552
816
621
701
820
1072
746
947
610
665
874
1104
1164
614
1218
842
774
455
1026
569
809
926
537
563
483
819
852
881
776
1175
964
669
805
897
822
542
944
1061
756
496
708
813
1148
910
1013
1048
983
1121
979
1131
1230
801
1193
1216
745
715
1108
879
972
1060
594
531
1098
789
1058
771
454
790
1129
908
1228
515
1132
1209
965
733
711
832
1152
1066
736
917
493
1085
1053
835
922
713
440
523
598
511
484
1208
946
893
623
903
780
1203
797
741
911
1071
548
629
1070
1089
1154
791
931
803
600
468
1195
836
1068
580
863
1136
655
899
680
1229
1110
635
1077
518
888
634
486
547
1122
543
686
1040
962
882
676
949
853
937
1128
913
945
854
596
784
653
595
566
1025
554
958
530
748
488
508
565
678
932
1045
829
1163
827
837
1139
611
1092
772
631
1141
870
812
969
446
1030
494
1009
1183
764
685
607
851
760
807
597
777
834
875
717
804
539
672
1086
1153
1065
696
787
862
1190
1021
603
490
459
794
1046
1212
1171
644
1191
645
1042
567
799
980
1033
796
1169
1182
902
568
843
950
475
722
960
845
662
1028
689
571
585
503
762
1079
766
963
637
667
1205
1200
1111
1038
532
457
833
1051
1184
838
775
687
997
782
778
1063
1011
582
1024
551
587
1180
673
839
1012
1047
1185
699
642
1023
871
474
825
840
661
721
444
1140
606
1150
742
452
1144
996
916
1022
1100
499
795
1198
998
953
1014
909
792
581
1031
1206
1156
616
593
1084
743
294
48
80
362
199
63
261
308
15
221
86
23
81
245
75
72
412
392
283
61
414
238
321
233
333
359
200
153
350
227
160
320
10
371
82
108
260
386
248
310
396
257
109
218
57
5
289
90
141
60
272
134
147
335
433
403
418
101
399
369
202
83
85
191
104
413
388
121
250
176
230
98
428
145
374
258
281
193
338
241
348
13
224
102
398
46
375
182
234
356
315
342
404
146
66
378
36
332
219
262
84
358
25
53
394
34
296
255
344
316
21
406
228
54
287
211
317
116
364
152
103
324
143
420
29
39
114
196
355
105
149
1
372
207
327
87
235
297
206
267
195
69
422
419
323
97
148
55
424
178
244
237
264
110
168
74
27
154
370
12
56
286
231
65
313
93
268
314
136
429
127
28
150
277
151
123
334
111
2
426
393
41
89
185
302
322
236
425
217
274
427
7
42
271
402
293
328
345
381
201
49
3
405
17
129
400
409
319
0
68
340
137
4
156
95
186
337
243
197
58
171
130
16
144
120
367
194
135
391
351
155
213
285
368
343
163
70
276
157
212
312
20
252
339
380
139
107
239
416
216
158
43
180
88
390
225
184
247
183
100
300
45
266
208
204
37
19
188
133
73
430
357
232
210
142
50
32
432
265
44
128
132
172
273
24
295
318
51
77
6
78
177
169
209
242
309
336
421
11
112
417
298
423
352
379
167
113
174
280
331
347
190
166
91
117
38
220
31
301
284
9
14
401
282
79
275
240
22
192
290
410
181
307
377
59
165
346
305
222
30
126
179
256
99
122
385
383
384
353
415
205
119
263
94
226
329
407
408
270
269
376
71
254
138
251
159
187
349
360
18
431
229
173
326
223
279
288
330
214
363
164
299
365
373
292
311
124
