1468
1390
728
888
872
1062
1041
1197
762
12
117
350
14
1425
1431
1455
1459
1472
1421
1354
1370
1387
1393
1367
1372
1338
1331
1326
1296
1294
1299
1275
1256
1235
1254
1271
749
1008
764
514
487
1102
851
537
977
974
890
1186
786
1141
1042
494
819
527
480
653
753
1052
1118
1135
704
853
437
1111
744
1087
1120
603
1057
484
831
760
508
982
816
1137
1080
471
614
1202
684
1053
1129
447
1203
698
672
448
871
690
705
887
697
1146
938
645
561
866
1195
588
841
442
814
787
1064
1100
867
859
928
1055
1224
1228
920
1108
662
781
35
288
302
24
211
348
274
133
292
85
202
342
209
412
405
214
196
75
1
111
295
379
3
316
343
181
81
152
139
201
314
171
207
335
300
87
399
55
92
286
284
153
58
346
1446
1467
1453
1440
1448
1435
1434
1424
1451
1441
1426
1427
1461
1444
1466
1429
1418
1473
1471
1469
1462
1419
1420
1470
1450
1452
1445
1430
1449
1464
1457
1454
1465
1447
1458
1422
1437
1439
1460
1436
1442
1463
1433
1456
1428
1438
1432
1443
1423
1416
1383
1395
1378
1389
1410
1380
1386
1373
1415
1406
1414
1361
1394
1362
1391
1403
1401
1405
1366
1408
1368
1412
1364
1355
1376
1392
1411
1388
1379
1402
1377
1360
1359
1365
1409
1369
1404
1371
1417
1385
1358
1398
1400
1356
1399
1396
1374
1375
1384
1381
1407
1363
1413
1382
1357
1397
1320
1343
1353
1328
1351
1332
1339
1344
1341
1336
1340
1324
1348
1321
1337
1345
1342
1335
1333
1319
1330
1325
1323
1350
1329
1327
1322
1349
1352
1346
1347
1334
1291
1311
1292
1309
1295
1290
1297
1304
1288
1313
1287
1312
1302
1289
1303
1317
1314
1298
1307
1318
1310
1286
1293
1305
1315
1301
1306
1300
1285
1308
1316
1247
1269
1245
1233
1240
1258
1259
1237
1251
1278
1238
1255
1280
1241
1282
1284
1266
1264
1252
1265
1242
1279
1277
1272
1263
1246
1261
1283
1244
1276
1234
1253
1257
1260
1239
1270
1243
1250
1273
1268
1236
1249
1267
1281
1274
1262
1248
563
724
837
904
634
782
439
1022
839
612
1150
1176
455
1217
952
454
569
620
604
642
966
1154
1142
1167
675
621
1155
663
611
1030
472
850
443
964
679
1010
510
1125
1047
613
1109
1090
874
1025
924
533
754
708
1174
864
1097
654
687
681
568
996
711
955
572
868
984
618
972
665
1051
652
1104
550
579
503
842
999
933
1130
788
815
678
1056
1075
1124
1171
980
1162
435
941
459
546
1050
777
726
995
619
1157
609
1159
799
441
1160
858
481
747
949
1138
936
547
600
805
960
1020
830
605
520
1140
710
1028
1179
555
903
615
741
968
886
700
1086
1145
1158
436
1127
875
1091
1078
671
567
731
602
549
975
734
895
674
849
761
521
452
927
1229
902
1015
506
552
834
513
763
835
1101
667
580
947
1168
750
824
721
1207
656
1093
598
1112
450
1017
637
979
643
525
847
1007
701
707
583
756
1147
616
829
828
1068
821
458
1226
884
680
825
1033
1072
1208
840
1191
739
784
946
1043
1103
876
628
694
845
1190
576
1088
639
914
500
727
473
565
468
1084
1201
702
502
945
818
658
907
1004
755
1128
1001
1013
948
942
557
1110
729
524
991
1222
1144
713
885
1054
575
623
1169
636
976
456
528
589
498
935
670
1213
1183
780
607
1212
998
800
863
466
932
1220
880
1178
1070
625
714
870
1170
1083
712
659
940
981
668
879
505
889
462
735
1099
651
1165
571
915
1218
556
792
717
587
1188
1060
491
1117
860
790
873
720
944
1149
929
1173
1061
1223
716
806
1077
1219
562
1044
646
476
892
766
785
631
629
496
737
1148
530
783
925
501
489
560
543
635
768
1031
897
531
590
958
751
1214
1113
1151
1132
535
661
883
854
551
922
1211
601
483
1225
1021
640
624
1032
740
855
676
775
504
773
1074
1166
519
898
1204
765
1005
699
655
1069
1107
918
896
673
529
445
732
1177
541
1131
650
1180
736
509
1136
485
548
669
446
692
539
1027
745
894
965
597
971
463
908
795
622
1199
743
791
464
444
492
797
1016
1029
926
467
882
823
526
1098
497
1082
778
493
1065
540
1037
869
723
1048
989
479
719
1095
647
1115
626
856
1182
917
1200
803
718
577
1023
1139
796
1035
857
978
517
1049
685
573
954
641
632
1119
1122
759
470
511
1216
962
574
1161
666
950
769
923
808
1046
1034
807
983
1019
1193
919
846
1210
993
994
593
512
585
582
798
475
817
438
746
878
686
544
599
474
638
1152
957
1071
482
844
457
772
1231
722
1018
545
1153
644
486
1076
566
1230
648
578
812
451
488
893
523
934
1121
1227
1175
1081
703
1194
1058
682
595
1221
881
794
832
630
460
1038
518
913
804
1040
449
931
660
937
570
1073
848
1085
899
507
1063
1164
1059
495
515
558
988
951
477
852
758
1011
1185
1209
538
553
973
961
1215
683
534
695
862
1184
1192
1014
633
461
1106
1116
1094
986
1206
606
1123
767
1232
594
992
1156
826
757
1089
779
1009
657
776
910
921
891
833
811
1143
1036
793
554
725
905
963
820
490
1039
956
939
802
959
1196
522
478
608
1000
909
822
1126
1006
742
738
900
1163
1114
930
1026
706
581
1003
1066
536
906
789
1172
1002
911
877
861
664
677
1012
865
801
1067
916
627
696
752
990
1189
559
1187
943
1092
1133
953
748
987
649
733
809
838
770
967
693
592
688
532
771
596
843
970
617
499
827
836
691
564
1198
542
1096
813
709
1105
586
591
610
901
1024
1079
730
516
810
1134
715
584
465
1181
969
469
912
1205
997
440
1045
774
985
453
689
362
175
318
247
110
228
388
128
258
240
49
232
147
287
204
322
192
396
216
5
199
256
43
101
109
417
158
182
225
164
296
363
358
0
2
95
345
416
430
328
93
242
145
375
96
48
386
21
131
382
193
7
373
409
25
366
41
31
180
32
401
169
57
132
134
45
62
114
106
289
224
6
354
80
59
432
270
83
418
8
420
340
186
408
251
304
212
394
52
321
355
20
390
71
368
230
77
40
18
299
210
327
282
237
264
351
176
178
349
360
217
423
4
290
310
425
84
424
383
130
255
298
146
136
398
63
191
113
198
36
135
411
23
10
406
347
385
161
76
183
91
123
15
120
194
46
403
307
334
278
433
9
332
165
245
369
315
167
37
118
150
89
203
86
188
306
262
323
279
69
428
253
393
223
376
47
154
272
140
42
235
410
364
11
257
221
254
236
326
159
112
377
357
429
60
64
421
219
129
419
107
356
151
137
166
22
108
197
325
415
79
17
44
260
413
241
367
248
271
275
353
74
103
184
331
333
121
78
26
395
227
142
250
389
189
104
427
97
51
338
70
88
249
124
372
125
301
276
365
312
138
208
431
397
174
330
293
27
434
29
50
116
148
311
206
277
400
391
149
319
190
280
263
268
414
291
361
172
320
266
238
67
337
13
371
222
16
239
229
243
177
392
156
33
378
157
200
168
72
269
308
265
141
215
244
273
281
28
163
252
233
422
381
160
309
297
119
384
162
234
170
283
99
94
38
324
98
267
54
339
303
61
374
82
126
259
336
317
387
352
155
105
173
370
344
65
179
187
30
220
144
404
100
56
68
426
359
246
313
127
407
66
329
226
205
213
102
402
218
90
305
115
19
380
261
231
185
34
285
294
73
53
341
143
122
39
195
