1469
1409
1059
641
628
781
648
494
926
350
298
111
246
1420
1470
1418
1445
1427
1447
1401
1372
1406
1411
1412
1358
1323
1332
1331
1302
1290
1301
1263
1243
1248
1270
1258
961
877
1030
1155
794
546
952
869
817
1078
1123
757
1119
711
694
464
907
518
1087
692
880
1137
681
473
846
908
1178
851
502
730
533
818
784
1150
1063
453
916
541
445
700
835
826
682
929
1223
960
910
1158
476
738
672
891
596
659
719
753
1146
1202
497
873
1168
940
1164
947
1054
1159
1179
488
1000
1049
448
523
943
912
967
696
815
1143
612
791
121
85
18
119
378
76
247
348
434
109
291
362
26
99
326
94
53
233
105
346
395
323
21
251
372
30
1
55
108
322
403
238
312
414
222
143
71
106
114
388
358
54
393
206
1441
1440
1459
1437
1448
1425
1451
1442
1458
1436
1432
1471
1461
1465
1431
1453
1452
1467
1444
1433
1454
1456
1455
1430
1472
1439
1468
1428
1421
1462
1466
1463
1464
1450
1434
1473
1443
1435
1423
1426
1429
1449
1422
1424
1446
1438
1460
1457
1419
1365
1385
1403
1392
1408
1398
1367
1362
1368
1369
1374
1393
1377
1384
1379
1380
1395
1414
1396
1417
1394
1364
1371
1387
1382
1370
1402
1357
1360
1386
1366
1356
1375
1381
1363
1404
1355
1415
1405
1376
1400
1354
1407
1416
1410
1390
1413
1389
1391
1361
1373
1359
1397
1388
1378
1383
1399
1339
1342
1321
1352
1345
1351
1335
1328
1329
1324
1348
1319
1340
1330
1344
1350
1343
1322
1353
1334
1337
1338
1347
1320
1325
1327
1333
1349
1336
1346
1341
1326
1307
1294
1287
1300
1299
1293
1285
1310
1296
1311
1312
1316
1295
1306
1317
1303
1305
1314
1289
1292
1315
1286
1291
1309
1308
1318
1297
1313
1304
1288
1298
1266
1242
1239
1240
1271
1276
1275
1256
1264
1244
1246
1254
1233
1238
1252
1267
1269
1253
1280
1251
1272
1274
1259
1261
1277
1265
1278
1236
1284
1262
1257
1249
1235
1237
1250
1241
1234
1279
1282
1247
1283
1281
1245
1268
1273
1260
1255
840
974
980
1108
1038
748
1139
786
1006
584
647
808
977
440
1048
734
820
872
554
1032
923
983
639
637
1214
1023
1097
922
1079
1089
1104
957
690
724
1114
1043
991
762
741
1107
600
1105
978
1181
937
459
578
1014
739
1229
827
504
1046
1024
775
574
685
540
743
1184
761
718
593
1072
1015
1115
998
758
1140
511
537
1224
890
1207
936
1141
770
1033
603
1217
708
482
509
1118
744
793
854
927
844
1064
771
1130
581
653
1084
800
716
864
1121
750
1011
1077
701
795
1195
1058
1019
691
520
903
621
754
988
1076
472
526
805
1147
1134
586
782
823
646
1225
619
885
997
838
567
1197
706
585
777
932
928
1192
1189
809
976
678
1025
914
545
1074
1186
860
769
981
1080
446
695
607
1165
858
501
1126
814
986
1228
618
632
707
813
870
577
992
625
1129
1145
733
857
866
1100
599
1092
1204
441
973
945
460
569
1201
901
944
656
510
662
972
1156
845
636
1068
1194
449
1052
679
1113
1157
1151
948
693
572
993
1200
1008
592
745
684
666
729
1160
631
495
755
828
954
478
1208
677
539
816
958
514
1067
654
507
883
921
489
1209
1180
1031
832
821
783
878
527
623
1022
751
549
773
1070
740
989
444
703
1066
660
1055
580
536
1026
436
610
895
1131
725
471
705
435
829
467
481
516
528
470
1096
1075
918
532
454
548
919
1101
806
601
904
999
941
956
764
726
1090
949
1083
1069
674
1010
438
902
530
1211
717
1153
984
894
635
1016
1007
848
675
1220
842
1144
861
888
468
573
968
557
1227
756
898
742
484
1170
920
1002
602
594
1152
597
1162
889
616
803
853
850
1065
963
474
1056
649
1041
604
508
833
1221
1163
667
893
515
720
789
588
1062
544
714
521
831
722
982
856
1044
1206
587
766
987
477
1132
553
1047
1222
534
1034
626
917
841
559
736
457
697
558
825
576
713
1081
650
1120
668
950
1177
486
884
506
1183
785
535
1199
598
498
1111
657
849
1182
479
837
899
938
767
688
699
1004
801
1103
524
583
776
1167
704
819
735
812
1073
1135
966
643
909
971
924
778
1082
1003
450
437
810
1028
560
555
1053
913
1187
564
1154
538
1210
759
451
892
1190
561
439
959
1012
879
855
568
994
807
543
799
1215
737
1017
492
1110
747
1148
485
627
779
709
1226
1124
752
712
1218
687
900
680
1039
939
1232
727
802
665
1125
1040
550
606
571
522
1175
615
605
565
1088
1018
487
933
760
1171
852
563
749
1042
529
951
915
1142
1035
969
995
1188
1213
965
651
1050
562
493
731
868
1230
1109
1060
443
1098
676
452
896
456
652
542
1127
1116
1094
566
886
839
962
765
1086
462
608
774
970
614
447
905
768
590
862
875
1166
911
589
512
931
655
1009
503
1128
519
975
946
822
620
461
836
686
710
698
1219
1205
513
1185
1102
792
796
1191
715
1169
1106
442
1112
1037
1045
746
1136
797
570
1027
830
953
1117
847
1095
702
658
1203
788
591
611
644
582
865
1071
935
531
1021
525
1212
622
480
463
1216
629
458
1051
671
645
617
1138
609
964
1013
942
811
630
882
496
732
500
876
804
661
547
663
1020
575
897
624
874
1149
1085
638
985
1057
721
1172
517
499
772
642
483
1093
1198
1161
843
475
990
1231
863
763
673
689
930
1005
728
633
1133
490
640
1173
1001
669
465
834
996
1174
579
1029
556
552
469
881
867
979
551
1196
664
1122
1091
1099
613
859
634
491
1176
1061
466
790
824
455
871
934
955
780
1193
1036
787
925
723
887
798
505
906
683
670
595
294
218
402
255
78
397
131
280
28
384
123
287
173
189
184
174
177
168
17
315
311
301
274
167
213
92
337
170
166
43
336
368
11
361
159
79
349
276
412
305
152
303
23
84
110
390
270
107
153
405
309
320
282
164
207
186
376
387
379
97
356
0
285
51
424
16
13
46
295
299
216
313
68
136
198
277
5
137
171
335
272
38
180
432
257
14
279
138
74
82
325
91
389
208
39
80
47
327
324
149
190
245
37
20
214
386
225
199
420
88
416
239
243
286
264
182
273
373
380
134
29
306
41
396
329
24
72
345
117
332
172
343
6
259
310
204
176
317
355
52
383
265
133
229
371
321
175
223
231
135
419
308
151
370
256
89
366
201
115
81
413
59
148
316
359
187
426
296
63
353
258
48
289
3
147
430
250
205
237
69
158
25
181
253
113
347
267
261
377
141
302
35
319
162
292
333
196
228
415
156
244
422
232
351
242
145
192
126
375
103
19
391
157
281
411
202
369
241
227
90
7
367
364
193
128
293
101
230
334
27
365
210
212
140
191
93
433
417
195
179
49
431
95
22
283
263
73
163
399
344
271
418
385
12
382
215
178
254
224
61
217
96
220
421
341
31
160
236
221
118
400
219
330
314
284
268
354
374
425
116
40
64
318
297
394
331
127
409
428
36
266
203
87
8
234
124
129
307
339
398
2
185
340
120
142
188
342
363
235
161
338
100
304
194
150
410
32
42
112
125
70
75
139
122
249
15
328
429
392
56
357
269
77
154
209
50
381
83
9
4
44
58
86
102
211
226
165
401
423
132
62
262
200
34
252
104
278
60
300
240
408
197
407
248
144
98
10
406
360
65
146
57
290
33
275
260
67
45
130
155
427
288
66
169
404
352
183
