1437
1381
965
958
783
612
462
1054
1175
142
232
155
214
1455
1421
1459
1429
1442
1443
1395
1392
1397
1355
1374
1402
1332
1327
1340
1287
1293
1309
1277
1257
1263
1259
1250
604
888
1035
736
1150
1211
698
959
503
638
669
1169
1083
1110
1229
741
684
492
1185
1126
1149
504
1230
945
1220
469
456
746
446
514
535
870
1210
1045
777
637
954
537
493
515
643
1016
977
902
1099
1127
472
947
723
786
640
859
937
1117
820
549
827
1084
1113
737
934
651
524
986
966
704
706
1088
602
1232
1138
1206
644
874
926
865
808
981
1143
1062
89
115
100
193
131
45
368
409
393
35
241
185
113
34
218
167
290
125
413
97
277
53
247
92
254
23
307
157
129
182
251
47
342
356
130
383
253
242
388
0
278
98
136
243
1425
1453
1456
1464
1473
1460
1466
1470
1431
1450
1458
1423
1447
1446
1449
1452
1461
1438
1439
1435
1427
1462
1428
1471
1434
1433
1430
1422
1441
1465
1472
1418
1419
1426
1467
1469
1440
1420
1436
1424
1444
1468
1448
1445
1463
1457
1432
1451
1454
1377
1389
1409
1371
1391
1383
1408
1368
1415
1369
1413
1406
1403
1394
1393
1404
1399
1372
1382
1405
1354
1417
1384
1365
1398
1378
1410
1400
1401
1357
1385
1364
1360
1414
1356
1386
1396
1387
1358
1411
1407
1375
1367
1370
1362
1366
1361
1379
1380
1388
1390
1416
1412
1373
1376
1363
1359
1339
1343
1328
1342
1330
1329
1338
1345
1322
1351
1336
1319
1352
1349
1333
1353
1331
1320
1346
1334
1324
1348
1337
1325
1350
1323
1344
1326
1347
1335
1341
1321
1314
1308
1289
1285
1304
1295
1313
1294
1296
1310
1288
1302
1317
1291
1307
1300
1286
1292
1303
1290
1311
1306
1312
1318
1299
1316
1305
1297
1315
1298
1301
1283
1246
1245
1266
1273
1282
1281
1265
1243
1271
1254
1280
1234
1251
1247
1256
1262
1275
1237
1272
1268
1248
1269
1252
1238
1240
1284
1239
1244
1274
1267
1270
1235
1278
1260
1242
1241
1264
1233
1249
1279
1258
1253
1276
1261
1255
1236
762
776
593
707
672
1009
877
1192
917
729
767
547
1128
586
1027
920
876
849
1002
1097
1019
911
667
481
1036
735
1186
1125
632
567
764
572
457
1172
658
1003
940
1073
699
803
486
564
1133
987
760
787
837
1115
871
615
626
1209
1017
943
833
647
495
534
752
656
913
1006
804
997
630
933
608
784
490
835
1215
508
603
596
590
714
756
1114
1137
915
1170
649
1187
775
994
520
512
1033
1130
798
449
664
1198
864
482
1146
1049
1079
1087
1167
526
1119
641
1112
583
585
496
1151
556
984
759
625
978
839
1004
502
1012
942
598
788
1034
445
1013
443
1089
606
607
670
1202
442
622
629
691
807
1158
800
483
886
689
500
692
488
452
1037
513
441
591
832
816
1148
922
1031
769
1168
1222
521
980
822
1001
881
1086
979
1178
812
731
1182
993
681
1164
674
517
840
948
1188
1228
659
782
642
570
1080
960
906
1104
941
925
712
468
1007
852
1171
1095
709
1141
1101
953
748
666
819
935
860
967
594
1191
781
834
1154
875
821
880
1218
991
576
763
715
465
611
1205
814
439
1165
1098
579
696
1005
697
1047
813
1109
700
578
484
498
772
757
1008
1142
1173
509
634
847
450
931
749
828
665
605
519
929
770
1225
474
646
1076
1161
1026
861
838
595
1207
806
854
794
862
648
896
575
1106
597
727
560
639
1056
895
668
732
992
536
866
999
962
589
661
951
1050
584
675
740
924
1070
1048
1199
743
440
541
971
873
613
817
921
751
797
1196
1057
856
497
858
779
633
773
830
952
1018
774
574
1032
810
1212
601
568
522
1082
654
796
983
1194
1092
510
1085
868
555
1038
1155
1051
1179
845
1090
1135
761
1063
569
1136
753
724
464
831
734
1163
745
930
1052
1042
1201
927
887
879
1139
946
438
892
998
655
1124
908
693
516
789
1224
1059
690
703
1058
587
1093
853
739
1103
553
680
702
631
565
683
829
1021
546
824
543
1189
554
1024
823
1221
451
912
1223
533
467
660
1204
616
1060
1075
1081
687
1096
1166
1134
961
1014
1160
1193
898
785
529
795
805
863
623
475
688
494
701
532
1216
588
487
747
1208
485
891
985
573
872
713
523
1078
730
682
479
473
899
617
973
990
801
768
694
1000
1231
855
923
621
885
1066
710
869
1190
1068
809
559
843
851
826
652
1015
890
889
867
1213
718
470
1184
793
950
1152
685
657
1010
671
1044
1043
562
1147
754
618
466
1111
501
471
841
1028
538
530
846
437
1159
1177
527
676
499
1144
1162
1055
972
1132
1025
695
844
460
1020
1195
932
771
458
636
916
909
705
1227
1176
673
905
1156
1029
436
970
505
938
711
453
577
1064
1102
1219
599
1122
1039
566
894
988
1140
525
995
882
1030
964
489
790
620
708
1094
476
1174
878
1061
435
454
1129
645
750
842
1131
884
686
1120
548
1214
792
956
1105
1157
1181
758
663
653
463
610
928
982
1226
1067
1065
677
883
614
778
478
1100
738
716
944
728
857
968
1121
802
893
563
755
733
627
955
1053
561
539
545
540
480
557
528
1074
989
580
1183
507
717
444
815
461
542
780
969
552
914
825
448
531
1040
635
650
511
1145
1069
848
903
904
1071
1011
459
550
581
1153
1217
1108
491
1200
726
1118
662
544
609
720
582
506
918
619
910
477
455
936
1077
1107
447
791
744
976
742
592
957
679
678
919
721
719
1180
799
1022
1072
1046
600
518
900
975
722
766
818
974
571
551
963
1203
1091
1023
1123
836
558
850
949
624
939
907
765
811
1116
996
901
1041
897
628
725
1197
281
163
292
116
266
203
379
114
40
238
24
140
231
27
109
117
3
395
416
14
110
424
394
428
372
345
250
156
421
164
54
225
119
128
190
143
349
321
347
367
20
384
426
364
322
87
381
206
64
371
86
207
264
162
230
320
180
415
245
189
205
328
222
108
423
67
210
296
326
126
336
56
417
71
66
112
133
7
248
257
177
318
255
317
293
246
432
315
340
153
373
403
12
25
120
181
284
39
240
50
316
175
376
348
41
431
353
312
351
275
430
306
148
276
37
149
204
343
9
5
363
13
401
21
76
201
59
330
124
391
208
169
339
357
221
65
294
402
36
285
212
289
166
323
84
83
359
73
427
123
170
346
433
288
332
404
377
154
200
291
46
414
209
69
26
392
327
272
226
90
237
74
271
370
287
234
134
309
341
405
350
96
302
352
6
184
101
358
158
311
2
398
38
387
178
48
418
256
150
107
105
174
8
147
262
319
94
68
58
197
146
220
386
111
82
260
161
263
408
70
1
72
19
280
314
375
300
139
397
236
60
369
151
159
412
380
374
95
11
4
145
434
172
49
261
29
118
79
99
429
268
93
399
270
217
335
77
176
249
390
122
227
252
57
171
88
269
420
196
282
407
305
213
78
382
81
325
265
229
400
16
42
103
52
165
425
91
187
55
191
28
299
160
360
279
313
18
329
51
216
199
198
31
355
211
389
132
304
267
258
138
239
141
80
33
179
366
32
422
104
63
44
30
365
233
385
361
106
228
173
303
137
396
406
22
10
168
274
144
344
324
219
310
223
121
331
152
102
192
15
259
298
286
410
224
85
333
75
411
378
215
62
295
244
419
135
301
334
354
235
188
202
308
338
43
127
17
194
297
186
283
362
61
273
337
195
183
