1425
1367
649
965
524
698
628
1119
576
360
54
434
247
1429
1422
1424
1467
1420
1446
1414
1413
1403
1400
1378
1383
1323
1351
1346
1300
1318
1296
1274
1277
1241
1278
1265
668
1172
646
1046
950
975
1229
1230
958
549
484
955
567
948
852
1052
647
1184
593
1194
602
1224
583
970
1214
995
1174
1076
508
611
707
462
489
651
734
893
614
839
578
1039
1232
1211
697
980
658
490
543
1126
786
1098
1173
1141
1128
657
762
506
941
534
1031
1120
985
1023
746
1218
566
1147
620
471
700
926
890
1117
1138
511
712
928
905
557
988
835
118
25
168
184
290
187
431
379
410
189
109
30
242
19
262
186
218
15
9
401
409
149
2
4
375
207
333
294
170
392
182
337
217
123
140
57
135
152
248
235
178
349
233
62
1449
1423
1472
1450
1419
1464
1471
1455
1469
1447
1435
1428
1443
1430
1451
1459
1468
1440
1427
1431
1460
1448
1452
1441
1436
1466
1432
1465
1453
1438
1445
1463
1437
1444
1433
1473
1426
1421
1470
1456
1462
1458
1457
1434
1461
1418
1442
1454
1439
1380
1374
1368
1363
1377
1395
1357
1393
1411
1370
1375
1354
1412
1364
1373
1409
1388
1381
1405
1394
1387
1361
1410
1407
1390
1369
1408
1396
1372
1358
1384
1401
1415
1398
1355
1392
1406
1360
1417
1356
1391
1359
1385
1402
1382
1386
1376
1404
1366
1362
1379
1365
1399
1371
1389
1397
1416
1333
1319
1324
1329
1337
1352
1348
1344
1325
1341
1336
1331
1330
1347
1343
1345
1339
1335
1353
1350
1349
1326
1322
1334
1338
1328
1327
1321
1332
1320
1340
1342
1295
1312
1287
1308
1294
1315
1293
1292
1306
1311
1297
1288
1290
1314
1316
1285
1304
1302
1317
1313
1291
1286
1305
1310
1298
1309
1307
1299
1301
1289
1303
1271
1251
1284
1264
1235
1268
1234
1262
1281
1263
1282
1276
1254
1246
1270
1248
1240
1280
1261
1244
1245
1283
1272
1242
1266
1255
1243
1250
1279
1253
1259
1237
1236
1275
1257
1269
1238
1247
1260
1273
1239
1249
1258
1256
1252
1233
1267
1011
969
1149
1114
585
604
559
739
1144
991
1008
903
596
458
681
469
844
775
879
540
463
507
517
962
847
1204
455
1080
516
875
1225
547
1025
709
1069
1170
640
619
589
1212
661
994
452
622
886
943
569
701
785
1215
984
1199
1077
650
706
780
741
744
859
1090
436
1086
610
1029
867
953
488
1180
475
1183
782
1048
932
743
1014
638
945
454
652
724
909
1108
1152
1227
829
914
1146
665
781
509
898
916
796
992
1148
783
677
959
520
491
752
937
1127
821
846
1150
843
971
565
696
754
574
487
545
715
603
913
1063
1038
1210
954
952
648
1026
538
837
590
521
922
639
539
659
518
763
1186
1024
1166
1091
495
699
809
1177
788
584
613
676
946
710
1200
1228
627
533
548
1093
519
682
562
1205
586
437
784
1188
721
967
621
1159
500
645
723
750
629
615
986
832
653
848
961
824
473
815
634
973
579
705
594
974
512
663
872
1055
1062
1015
813
787
528
831
683
523
600
624
869
738
1221
776
1054
972
482
609
891
858
833
923
1192
687
667
854
1133
1165
492
1208
690
1169
1132
448
726
1168
1178
1167
976
693
811
1153
1033
522
1064
908
591
1140
671
465
1111
1179
769
673
801
472
899
889
457
871
535
1045
1105
779
1121
1058
1136
575
803
1019
587
758
1103
1135
1157
938
800
1027
759
644
865
515
445
532
1190
612
572
641
1030
877
451
504
479
802
466
464
930
581
956
679
564
510
851
856
1087
760
1124
805
453
675
1009
993
1130
1116
1021
554
1017
1143
505
888
906
887
1053
1059
664
1115
987
1189
1118
918
881
850
1004
863
934
716
798
1156
551
778
892
1207
560
443
732
902
1020
842
704
1078
498
737
468
1231
765
605
996
573
812
1151
907
827
960
1036
753
1193
642
792
733
895
588
764
772
731
1134
968
555
636
686
947
552
725
1049
480
1125
860
807
989
774
1175
599
904
900
1084
939
1000
656
446
481
1081
703
513
714
1070
449
722
670
876
823
570
485
874
503
597
1222
1016
688
808
924
935
494
637
1043
527
1217
713
878
1182
568
799
940
1123
669
790
857
845
1163
820
1139
702
749
1072
695
684
478
1073
1006
582
654
662
447
1056
957
577
1171
442
963
830
761
1071
1219
1106
631
864
1206
608
720
441
1113
983
1074
982
633
461
840
1142
901
691
1035
756
444
964
456
1061
1155
1203
944
927
719
1040
571
861
841
1160
678
1131
912
966
751
483
862
692
625
1201
1101
730
474
816
595
806
936
1095
1068
745
514
550
1100
439
708
685
1213
630
794
1164
1010
718
1196
1195
460
1022
626
643
933
1226
1001
467
531
999
616
870
990
997
717
635
537
917
897
666
1099
1161
1137
674
542
818
777
1007
1060
755
797
1044
1220
885
1112
1042
1032
553
1198
757
883
817
529
1122
672
496
1057
525
771
770
694
1047
592
558
855
978
497
606
1003
1085
1216
729
951
767
1191
736
580
773
873
791
1041
1028
607
486
810
849
1097
882
459
1197
1034
915
1079
1202
544
825
1107
1051
598
1094
1158
814
789
1110
476
450
1075
1018
920
1223
931
1067
768
853
1005
894
435
981
1012
1109
526
735
1065
1181
822
541
499
896
1082
826
689
1066
748
921
728
740
536
910
1102
493
866
1013
1088
618
1104
556
979
1002
601
747
804
477
742
828
929
501
838
1176
819
1187
880
438
660
942
1154
727
561
836
440
1185
977
1209
680
766
884
530
925
868
1162
470
793
1089
998
546
617
1129
834
563
502
1050
1092
655
632
623
1037
911
1096
1083
1145
795
711
949
919
101
351
126
289
159
26
21
102
367
429
78
70
171
365
309
205
146
312
323
237
308
35
131
390
93
332
298
173
167
364
24
76
279
162
34
116
318
343
38
111
322
376
230
80
154
252
13
172
40
387
228
395
112
115
64
137
363
267
402
388
310
408
39
284
191
383
200
222
381
359
403
73
265
157
150
124
307
346
11
407
44
121
386
12
1
161
362
426
113
180
89
29
398
345
421
229
192
28
212
234
389
188
380
324
97
33
193
354
216
107
153
55
231
183
372
250
196
259
99
347
142
88
75
79
368
358
164
185
143
160
134
46
52
260
357
3
280
0
67
203
128
51
246
213
369
382
315
266
428
165
41
391
348
129
133
208
255
122
209
138
148
132
66
190
285
47
74
417
42
37
373
334
272
69
166
60
151
106
56
198
220
144
94
27
36
330
393
328
175
413
163
305
264
10
7
82
378
181
104
98
278
296
295
204
130
301
53
286
125
291
299
90
306
253
277
400
68
412
155
394
342
210
251
422
85
326
179
240
49
281
244
215
23
420
58
303
108
427
245
61
91
114
243
317
311
338
103
206
416
141
45
313
274
226
415
430
297
350
127
340
86
302
273
331
414
8
147
177
105
201
271
63
335
396
197
16
314
59
219
96
14
419
119
211
366
411
139
81
261
195
18
341
214
48
300
316
145
282
304
32
385
356
288
432
336
397
65
158
404
321
169
83
241
194
370
423
20
136
239
424
238
344
110
327
224
254
292
258
320
433
232
221
425
257
275
283
406
418
329
287
355
199
352
92
95
50
276
361
353
22
293
374
268
225
263
71
176
6
174
77
319
31
249
156
87
5
117
84
43
227
256
339
377
384
371
223
399
202
120
72
17
236
269
325
270
405
100
