1468
1412
654
780
852
512
553
682
766
316
79
41
322
1440
1457
1448
1444
1449
1464
1415
1388
1387
1376
1378
1383
1337
1339
1348
1289
1293
1290
1233
1234
1238
1263
1249
745
611
1162
516
758
818
635
770
601
698
1061
660
876
779
1108
829
562
947
725
681
501
1157
990
650
908
755
812
1057
1189
761
587
790
900
566
454
1031
860
582
541
1109
1168
1151
1158
603
822
440
600
879
772
933
1046
1000
537
986
767
896
995
805
948
901
960
1092
989
445
589
985
800
721
1230
581
809
1177
1167
1014
1024
856
497
467
1128
583
417
237
56
35
389
342
178
245
384
422
387
433
201
9
61
310
229
425
203
284
399
270
255
318
168
371
62
362
2
357
297
84
173
192
233
11
176
378
166
122
92
121
434
159
1467
1420
1433
1472
1443
1423
1442
1434
1438
1421
1460
1458
1453
1419
1456
1450
1418
1439
1462
1445
1422
1435
1465
1473
1441
1470
1454
1446
1471
1459
1424
1429
1461
1425
1428
1430
1427
1455
1426
1437
1447
1452
1451
1466
1469
1432
1431
1436
1463
1410
1365
1367
1379
1413
1369
1390
1403
1356
1374
1362
1370
1371
1402
1382
1399
1361
1355
1377
1373
1363
1375
1408
1406
1360
1364
1372
1354
1384
1405
1392
1368
1407
1394
1397
1416
1358
1357
1411
1414
1380
1395
1396
1398
1391
1366
1389
1393
1409
1400
1381
1385
1417
1404
1359
1386
1401
1341
1329
1328
1319
1338
1335
1349
1327
1331
1321
1325
1320
1334
1340
1344
1336
1332
1323
1350
1351
1346
1345
1352
1342
1330
1343
1322
1324
1333
1326
1347
1353
1306
1285
1296
1314
1304
1315
1286
1297
1313
1292
1298
1305
1300
1311
1309
1288
1295
1317
1308
1299
1291
1294
1301
1318
1310
1303
1307
1312
1316
1287
1302
1253
1254
1260
1281
1239
1257
1271
1270
1248
1246
1283
1280
1258
1275
1265
1269
1282
1284
1240
1251
1277
1236
1276
1266
1235
1241
1267
1262
1250
1256
1264
1237
1244
1242
1278
1252
1273
1279
1274
1259
1261
1247
1272
1268
1255
1243
1245
520
890
444
719
747
1051
569
1035
525
855
910
711
483
1066
819
1132
683
1161
618
1218
481
675
1020
899
863
1041
586
782
1009
1063
1006
499
672
738
945
1086
458
950
519
806
549
663
1036
777
912
661
679
902
757
606
922
676
867
871
639
511
1124
578
490
1183
685
476
494
750
966
853
906
456
442
463
1143
886
1150
1227
607
1112
1146
669
983
522
486
815
452
469
889
590
536
1210
769
1079
1102
657
500
964
1160
640
646
893
1176
956
598
645
593
647
804
507
921
1222
449
1055
543
776
1173
1120
1081
544
1049
502
858
1007
666
1065
461
1174
944
531
803
1059
648
636
963
1223
655
1078
1179
608
496
1067
1144
1138
436
542
1220
1226
1030
677
1170
474
548
952
1008
728
1131
848
798
892
687
697
841
521
759
1156
1090
503
1115
1038
1075
691
1050
1002
505
572
1054
898
834
787
783
808
887
1003
597
854
746
821
851
999
1012
953
1209
826
1154
973
468
849
438
1232
620
1212
955
1114
903
627
1193
735
1053
482
1195
793
554
614
1060
492
658
493
1219
1021
996
1121
485
547
754
560
1029
1096
1224
1064
710
813
1221
825
1175
674
751
951
705
1182
838
802
748
839
850
585
742
570
897
1122
1164
1028
1207
1153
935
1087
865
693
1013
1166
891
784
1184
1116
612
872
937
1082
696
1088
1118
1074
664
1044
914
1145
831
736
665
704
699
489
1201
1113
643
631
555
883
1027
795
692
471
828
991
651
830
994
602
1200
954
969
1103
630
961
720
574
1042
1123
1225
817
457
670
835
1101
504
480
1033
727
1217
924
713
824
1192
533
810
925
622
510
938
551
1094
904
1194
513
979
439
1069
673
479
1198
632
1208
1017
567
884
609
1039
762
447
455
936
1204
740
992
591
1147
982
1130
709
729
619
491
1181
684
1152
866
1043
756
595
625
488
846
1229
774
1105
1085
1005
523
1034
976
823
653
811
1071
530
1117
623
1186
576
1126
911
714
545
689
1068
737
563
540
1169
1032
475
688
498
437
546
842
656
464
686
880
923
733
907
796
441
558
628
588
1052
580
465
1213
1025
1001
1185
1215
559
1040
671
624
556
1134
1155
634
980
642
1011
626
1100
1097
690
998
845
1098
1107
752
638
1018
509
557
827
460
1206
837
993
862
613
443
1070
1106
913
820
875
610
949
789
974
788
870
877
932
715
1077
473
771
731
575
778
1159
768
943
1199
1023
527
592
785
571
917
786
975
649
629
718
781
847
1228
1062
765
1127
695
722
1191
882
518
941
1202
1214
859
633
451
797
529
894
962
616
1056
1073
1045
773
487
741
1135
977
568
857
450
816
942
1111
874
997
1089
700
799
506
905
915
1139
1076
707
836
1129
579
550
864
1015
1133
462
1099
927
968
1231
508
861
794
1148
764
596
919
712
1187
734
801
726
873
641
466
970
615
940
680
667
791
1019
1026
749
617
775
526
532
916
972
1203
1110
844
470
1080
1190
1196
1091
534
1022
1171
1004
946
1058
446
678
524
1137
694
584
814
1197
1083
984
716
637
1172
459
659
1216
1125
843
888
931
730
1149
1010
535
668
472
706
832
753
1037
723
448
981
1119
1165
763
909
564
708
1016
577
717
652
1072
435
1084
885
528
988
928
967
1205
743
929
644
1048
604
453
760
965
971
539
621
930
484
881
561
934
978
495
662
959
926
957
1141
1142
1047
477
1104
792
1140
552
744
987
939
701
840
1211
703
868
1093
565
599
1136
478
517
573
833
869
1178
702
1163
958
739
1188
1095
724
594
895
514
807
515
920
1180
538
918
605
878
732
292
42
298
348
123
265
196
80
130
153
391
360
343
184
353
16
128
57
283
380
340
323
76
326
67
356
241
60
127
147
213
190
275
96
101
427
163
243
210
373
27
29
418
279
30
162
281
392
43
106
350
313
419
232
86
94
309
330
409
319
104
300
197
39
0
408
100
370
38
429
404
248
20
45
150
85
108
331
288
406
98
191
111
364
157
7
158
388
372
52
13
271
125
75
420
134
287
214
95
289
381
53
133
269
155
215
66
148
305
294
200
83
238
177
40
295
36
222
3
142
109
329
393
366
70
12
369
194
1
22
312
397
240
264
120
145
193
68
73
263
432
165
268
324
431
273
293
181
205
320
403
365
180
358
188
386
124
131
385
21
395
430
277
132
302
179
405
211
396
376
199
421
14
113
5
212
15
239
303
346
367
99
89
189
374
335
50
55
90
161
18
144
81
118
407
88
146
140
151
63
221
33
174
252
209
314
46
25
259
361
37
91
256
10
296
317
28
383
423
82
226
341
136
19
17
267
230
375
411
26
117
345
398
182
234
426
276
71
152
359
236
412
339
368
266
129
400
334
228
352
327
251
261
224
249
74
301
126
110
4
254
34
223
338
202
78
59
354
337
112
291
410
216
51
102
198
167
31
164
414
115
204
114
208
246
413
97
402
363
347
137
274
23
47
424
260
195
170
44
332
172
105
69
325
336
225
138
242
77
290
186
65
135
244
54
415
219
349
416
262
24
175
64
206
93
258
156
321
304
116
183
171
235
231
394
328
282
311
185
218
285
272
160
355
119
253
217
87
139
351
308
149
72
307
428
250
390
48
169
227
107
344
280
257
278
401
32
306
143
333
299
58
207
379
315
286
247
187
6
154
49
8
220
377
103
382
141
