1420
1383
603
1007
556
776
1029
696
824
111
241
139
363
1418
1467
1436
1453
1440
1473
1376
1388
1378
1411
1368
1416
1345
1334
1344
1302
1307
1314
1248
1239
1246
1275
1266
676
947
644
958
856
826
451
583
450
638
986
660
971
661
573
697
654
647
789
566
1165
1016
769
1060
1209
1145
459
751
993
581
784
1189
551
1134
584
877
455
664
1232
759
604
1167
490
835
1198
624
1038
1202
962
920
636
936
1082
1225
946
968
1204
901
611
864
752
443
1045
642
1127
810
1008
816
1024
464
800
1223
1162
441
821
497
1095
935
737
871
414
392
47
296
103
123
347
32
21
191
125
209
158
189
182
183
337
402
307
342
381
71
406
290
9
234
160
92
263
73
230
185
324
216
258
0
6
408
233
42
422
222
286
245
1455
1457
1424
1451
1442
1439
1421
1435
1448
1441
1450
1437
1465
1471
1433
1438
1458
1472
1470
1425
1445
1452
1464
1459
1466
1427
1444
1422
1460
1446
1426
1431
1419
1428
1430
1454
1461
1462
1468
1463
1429
1423
1432
1469
1443
1449
1447
1434
1456
1406
1412
1382
1354
1370
1398
1399
1392
1365
1371
1407
1363
1385
1396
1362
1390
1415
1358
1367
1395
1356
1364
1360
1369
1389
1374
1386
1372
1380
1394
1403
1375
1357
1402
1409
1393
1379
1391
1410
1387
1361
1355
1405
1400
1397
1404
1417
1408
1414
1381
1413
1366
1384
1373
1401
1377
1359
1319
1335
1348
1336
1353
1332
1342
1347
1340
1328
1320
1327
1323
1330
1322
1352
1325
1343
1324
1341
1331
1351
1350
1321
1333
1326
1346
1329
1337
1338
1349
1339
1312
1289
1308
1297
1288
1293
1315
1290
1317
1304
1313
1311
1316
1295
1318
1301
1306
1309
1303
1291
1298
1296
1285
1310
1299
1300
1294
1305
1287
1292
1286
1245
1262
1236
1244
1240
1253
1273
1260
1263
1276
1267
1274
1233
1282
1264
1247
1277
1270
1238
1249
1251
1272
1278
1241
1257
1283
1237
1250
1271
1243
1254
1255
1258
1261
1234
1252
1281
1242
1256
1259
1265
1280
1235
1269
1284
1268
1279
501
1013
802
999
447
499
1159
617
578
491
978
972
881
723
961
480
460
1140
458
767
1191
760
512
860
1079
1044
612
989
912
1099
959
1199
909
684
873
966
1068
730
983
1094
1168
662
637
745
555
1041
541
787
778
585
880
1142
577
985
858
1031
887
606
513
1103
783
586
463
1121
907
471
818
747
640
1118
559
1081
727
1132
954
994
616
719
1111
564
648
1050
1197
979
895
855
1102
923
813
474
842
502
1051
549
703
532
943
973
1073
1201
991
836
1224
461
1084
1150
567
712
686
782
927
1000
948
822
634
1076
1055
967
679
1057
933
774
1032
1160
849
589
1067
672
519
540
539
524
790
536
906
1101
1091
1064
1149
925
1170
594
980
1126
656
683
1215
1108
435
926
658
903
498
921
505
728
1214
530
799
896
710
891
1028
1072
964
1065
1069
454
547
809
852
997
942
866
843
904
1138
509
633
857
668
833
1047
1155
1019
736
1130
1049
574
1171
898
1210
1025
1090
1113
846
893
922
884
1174
457
977
1153
1109
444
1186
729
969
772
851
743
1163
507
1116
595
1117
1147
808
753
1021
561
485
939
615
465
669
720
902
1192
875
1154
1088
715
1169
1176
741
1066
575
653
1226
755
680
600
837
1001
554
940
534
761
546
482
982
1218
827
934
698
635
713
832
563
886
970
671
1152
1042
773
1017
841
483
1131
630
957
716
579
965
440
643
915
746
777
732
552
711
872
865
1182
1026
448
598
650
620
1139
1205
1231
670
839
1227
1185
1180
526
445
1034
1022
988
663
805
894
854
1078
1164
1188
700
1070
639
655
1100
850
885
587
580
510
750
1179
938
924
535
963
1146
845
694
828
1056
1046
792
560
1135
974
553
951
930
1062
1172
449
493
545
691
599
569
1052
740
1157
1222
788
469
941
820
562
623
870
879
838
1096
725
484
570
452
489
1124
477
628
945
708
917
766
1114
1023
602
726
804
481
722
1093
673
779
689
1221
956
456
576
981
916
1125
492
500
1228
1074
1196
803
990
724
825
1083
1141
1009
609
1166
1077
1195
910
762
478
646
528
527
626
848
1183
863
468
840
508
619
1030
1122
495
590
1110
516
572
487
625
791
757
678
657
511
781
905
929
699
514
1098
796
878
899
955
591
1161
701
765
1190
718
975
605
807
1033
1120
1085
1137
1002
819
867
911
1181
439
771
1173
742
610
1035
1115
674
1071
869
889
1027
1144
714
1220
1048
538
437
717
1037
764
1158
992
748
1106
651
918
735
1059
1216
649
692
882
944
565
937
1058
682
631
734
798
811
607
913
1006
1089
721
1175
525
436
707
690
453
806
641
1206
1020
1187
622
588
608
1219
897
756
931
1087
702
667
952
677
446
1213
488
1194
831
614
1086
618
770
1011
876
520
1112
890
834
688
780
1107
817
1193
1039
466
596
693
1148
797
522
1133
861
768
1136
504
675
517
1080
1207
754
467
908
1053
949
1104
749
548
1211
473
479
1040
987
731
868
592
960
531
659
518
996
472
687
1010
1123
704
476
914
928
763
1128
558
801
1036
1129
529
786
775
874
1092
859
521
900
1105
1178
984
853
503
823
1151
665
1075
494
593
1012
795
705
1063
1143
1230
812
568
1184
883
1061
621
758
950
1212
1003
847
523
462
475
1005
571
645
557
515
442
1015
888
976
739
1097
932
733
550
486
582
470
438
681
793
695
666
629
706
533
844
814
1200
862
1177
794
1208
601
785
543
1217
1229
892
632
738
919
685
496
1119
1004
709
1054
597
1018
1043
998
830
542
995
652
829
1014
613
744
1203
1156
953
544
506
815
537
627
405
370
39
196
142
416
83
285
167
23
384
318
75
319
41
20
396
122
246
260
105
131
27
334
87
348
269
219
261
102
187
252
340
195
93
121
147
362
190
321
394
5
288
79
268
40
28
278
55
22
10
197
177
361
192
423
169
379
210
424
343
165
382
371
149
181
427
275
272
109
88
305
404
243
63
148
207
214
65
154
283
117
323
118
383
178
327
16
349
360
164
112
237
399
19
426
113
309
264
172
3
95
429
106
38
274
11
186
144
67
101
174
194
29
271
108
76
295
282
85
330
355
335
168
378
250
80
229
146
240
99
303
135
247
17
26
7
308
62
336
70
56
389
387
91
377
376
351
150
372
218
175
50
126
249
82
57
128
420
211
341
428
161
333
306
259
138
300
312
151
133
46
156
78
43
171
313
97
289
310
170
236
52
367
320
114
86
294
24
94
201
345
329
356
365
129
13
418
153
217
12
204
132
84
30
421
338
124
311
314
265
130
119
205
180
352
25
69
344
60
188
284
59
369
353
254
77
317
407
386
419
163
257
411
35
339
354
267
33
44
325
140
159
145
366
166
277
155
58
212
251
401
316
68
31
431
143
228
213
53
48
8
74
280
326
223
298
96
115
206
176
255
328
225
199
364
385
403
248
413
425
134
297
374
49
332
393
395
193
179
350
36
301
116
104
54
200
244
235
293
373
14
299
152
388
262
227
253
220
358
98
315
391
203
120
302
430
433
266
226
368
157
137
37
184
409
90
304
224
4
239
15
221
2
434
162
136
291
415
432
331
273
208
1
270
89
322
215
66
18
398
281
417
231
410
100
127
292
173
279
107
64
238
202
375
400
359
242
81
61
380
256
198
141
390
412
397
287
346
45
232
276
72
34
51
357
110
