1422
1416
778
533
1198
1094
834
558
1074
203
119
388
323
1420
1437
1439
1471
1455
1427
1396
1379
1384
1382
1380
1399
1329
1332
1327
1315
1307
1318
1265
1284
1249
1245
1234
1107
499
598
977
567
819
505
1049
914
1043
550
1029
592
958
589
577
797
1163
458
780
756
587
1053
1080
522
1196
1032
561
556
1003
465
551
1213
531
711
712
626
1127
959
908
530
917
625
566
795
672
544
857
704
988
596
1172
645
803
1100
851
1189
871
652
923
511
879
1088
1021
1220
739
593
501
809
656
1179
1182
482
1184
1027
1022
661
1154
748
793
413
143
432
274
55
282
291
366
188
42
353
381
223
128
24
344
81
364
11
168
253
104
411
49
131
399
304
130
320
194
377
300
118
216
375
428
65
227
273
136
419
348
258
50
1438
1449
1440
1428
1466
1431
1434
1462
1457
1441
1465
1433
1461
1453
1472
1436
1432
1452
1443
1464
1442
1447
1463
1456
1458
1424
1450
1430
1426
1435
1460
1459
1448
1451
1446
1445
1444
1468
1469
1419
1425
1467
1454
1470
1423
1418
1473
1421
1429
1365
1407
1358
1385
1368
1388
1413
1392
1406
1376
1393
1412
1400
1397
1404
1408
1354
1373
1405
1398
1364
1417
1383
1386
1374
1409
1391
1356
1363
1395
1377
1394
1361
1411
1415
1381
1371
1403
1357
1378
1387
1355
1369
1402
1367
1370
1414
1362
1366
1390
1401
1410
1360
1389
1375
1359
1372
1346
1343
1333
1342
1330
1345
1339
1319
1350
1336
1341
1349
1321
1326
1340
1323
1351
1352
1348
1344
1353
1335
1324
1322
1320
1347
1338
1337
1334
1331
1325
1328
1291
1292
1311
1286
1314
1289
1299
1310
1293
1296
1309
1304
1285
1297
1305
1300
1290
1316
1294
1317
1303
1287
1295
1302
1306
1313
1288
1298
1308
1312
1301
1233
1260
1246
1276
1282
1236
1253
1255
1279
1241
1273
1258
1244
1271
1254
1256
1238
1263
1277
1270
1268
1283
1250
1267
1272
1275
1251
1266
1280
1243
1269
1259
1281
1239
1247
1257
1235
1237
1274
1278
1252
1264
1262
1240
1242
1248
1261
447
1014
1219
699
846
728
611
650
705
1134
769
1110
709
578
966
1125
545
741
853
868
667
639
560
543
979
787
893
474
798
717
721
590
509
843
886
1102
658
1123
523
527
1136
1230
811
895
924
1165
1057
872
961
1203
1009
438
771
619
542
454
1046
555
881
1150
1050
574
506
487
989
546
580
615
767
1047
624
613
455
1092
1034
907
608
594
570
985
1083
1204
805
847
776
664
722
534
478
1175
822
610
628
700
942
440
660
726
635
633
772
1000
535
644
987
927
649
1090
643
692
1140
922
617
1192
559
1153
687
1126
932
682
1020
836
1226
515
991
1019
631
1077
826
974
512
636
1072
548
1069
971
954
679
1051
521
823
606
749
952
864
1171
745
1215
439
975
1118
1187
640
647
1023
612
821
446
500
865
993
579
472
1070
848
514
557
1056
582
1030
475
1081
494
855
657
1026
758
941
450
1011
890
995
1146
1060
1227
812
599
620
675
1167
1085
940
685
969
945
488
870
437
653
510
600
858
808
964
889
1225
763
900
976
920
1190
1010
935
939
696
1045
572
1169
1111
913
1042
992
849
607
967
785
746
804
1112
882
965
497
1048
629
492
1001
799
703
807
1183
948
1214
1185
1028
1142
1114
646
591
946
839
827
569
1170
469
1096
998
1191
911
603
1144
614
766
956
532
949
996
1108
702
919
1067
788
902
715
517
800
470
605
678
833
1131
732
668
461
735
1007
502
673
1104
1018
684
518
963
1040
1137
586
443
765
953
936
1194
774
1035
1166
1201
503
1168
762
1037
1041
536
1065
980
575
1228
730
875
691
1055
934
1176
962
479
784
585
760
473
1089
1120
456
903
1130
905
1193
677
540
453
1105
1064
931
449
616
888
994
442
1091
887
435
459
1097
891
670
547
1155
519
832
441
999
1222
463
859
1212
604
1004
997
802
775
1216
1002
884
727
1054
565
1133
597
867
777
885
1079
1106
981
880
1158
507
1039
1098
671
662
516
866
1211
529
676
452
898
1173
915
669
618
972
641
1164
750
1149
609
869
737
493
1186
1138
655
792
445
947
752
576
520
1231
751
861
838
925
951
810
513
627
877
944
634
755
743
904
873
845
698
1062
719
742
1174
1075
786
1031
632
508
581
883
1232
840
1122
457
588
665
960
1205
782
1160
773
466
489
1113
862
1202
1073
693
1093
724
552
779
841
842
1086
1195
844
1121
916
1078
781
1099
448
564
666
894
892
486
1128
921
1008
1180
854
740
835
484
1006
725
1124
1025
918
928
731
1061
1209
525
874
816
1103
1162
477
982
906
912
1087
1115
1178
789
444
1188
957
753
860
468
815
541
1015
984
708
738
528
1038
1068
831
549
663
1217
1229
1012
498
813
1210
930
801
1223
770
553
723
1005
764
713
1082
828
537
950
830
850
856
1199
562
824
757
1181
504
747
1197
1076
681
768
973
1141
1129
1117
754
970
710
638
1058
937
736
1161
729
462
817
790
1206
695
1148
583
1016
490
464
563
706
734
714
674
897
1033
524
938
642
694
659
806
1224
909
820
495
701
968
538
718
1063
791
878
796
686
539
480
622
1095
690
733
837
926
1177
467
1218
761
955
990
689
483
1200
744
707
630
1152
496
1109
621
933
601
595
683
978
1044
943
899
1147
783
1119
481
986
929
1013
1017
460
1207
637
818
648
1116
825
1071
688
1132
1159
1145
829
1135
716
1208
910
1024
814
526
571
1059
1101
602
896
491
1084
554
436
1151
1036
852
485
476
1139
1052
584
863
623
759
451
983
1157
654
1143
794
568
573
876
697
680
1066
901
720
1221
651
471
1156
271
335
261
287
400
164
233
27
163
110
219
221
105
343
17
321
254
382
13
35
152
90
429
68
3
51
162
40
352
325
257
262
330
122
84
202
236
404
297
308
197
347
244
36
123
137
393
61
263
63
186
200
422
284
204
245
57
402
116
338
64
1
141
198
115
210
46
409
80
175
235
166
153
147
88
121
125
53
157
47
99
260
410
373
237
187
298
220
367
250
120
340
95
206
140
126
395
312
358
172
342
70
58
251
368
283
161
249
354
280
305
433
318
20
376
296
112
329
356
18
15
319
406
412
309
75
174
45
403
39
225
387
155
48
231
430
150
59
310
423
41
22
21
218
167
326
139
8
351
327
5
242
69
315
114
229
286
10
158
345
215
268
193
173
217
385
74
138
151
365
241
103
62
78
270
159
360
390
72
107
189
281
142
252
34
408
181
337
359
82
183
264
357
196
101
23
212
240
98
79
148
322
256
392
0
89
86
132
222
179
401
383
363
28
372
302
77
417
52
30
37
6
314
277
334
19
313
4
339
135
299
102
379
14
129
425
265
316
33
269
25
133
154
214
9
361
2
369
156
177
238
396
117
328
398
434
91
60
7
248
333
209
415
178
87
346
324
171
267
170
306
294
336
431
230
38
389
288
113
190
405
418
391
243
292
56
149
111
289
362
266
420
146
414
32
29
384
211
295
380
279
76
185
421
71
290
83
100
182
144
226
94
208
191
285
205
195
239
407
160
73
169
397
207
127
275
349
93
192
394
317
16
124
350
278
311
176
276
199
427
184
97
301
247
303
378
92
12
213
307
67
416
332
246
255
66
424
180
134
145
259
234
371
44
228
386
201
43
108
426
31
293
341
109
224
106
54
355
26
85
96
374
272
165
370
331
232
