1419
1371
827
786
957
793
1146
767
612
233
199
301
404
1471
1447
1442
1446
1439
1428
1376
1368
1374
1355
1401
1375
1339
1335
1327
1290
1315
1293
1248
1259
1253
1256
1243
711
953
881
731
1090
561
671
440
442
1118
499
1157
1057
1230
1005
542
1061
1072
1215
524
852
977
543
596
1128
1053
801
848
670
772
812
1028
562
539
476
749
633
557
857
573
647
771
1074
1006
436
681
955
878
789
699
874
826
909
765
512
725
979
1115
1085
736
495
876
973
926
1008
718
950
743
962
640
724
739
449
590
1133
895
638
992
1039
1080
186
362
361
387
346
348
392
235
380
48
352
240
310
141
394
400
116
127
409
4
411
2
131
56
315
176
377
59
330
318
124
399
118
192
11
55
82
30
269
52
126
7
428
360
1467
1418
1465
1452
1457
1430
1462
1466
1429
1434
1464
1461
1438
1435
1433
1460
1422
1424
1427
1431
1470
1455
1426
1451
1440
1450
1441
1425
1448
1444
1445
1473
1458
1437
1436
1449
1453
1454
1443
1469
1472
1432
1423
1421
1420
1463
1456
1468
1459
1398
1364
1370
1411
1395
1402
1358
1372
1383
1409
1357
1362
1361
1386
1413
1400
1369
1405
1392
1367
1360
1365
1403
1356
1359
1373
1379
1363
1366
1391
1416
1388
1414
1410
1390
1380
1404
1394
1389
1378
1381
1354
1412
1417
1387
1396
1384
1385
1408
1377
1406
1399
1393
1415
1382
1407
1397
1330
1353
1341
1342
1338
1320
1331
1346
1349
1326
1329
1348
1323
1337
1328
1344
1322
1345
1324
1332
1340
1321
1350
1333
1343
1319
1347
1336
1352
1351
1334
1325
1310
1291
1297
1288
1305
1316
1308
1286
1303
1314
1295
1292
1306
1309
1296
1300
1307
1312
1317
1294
1298
1304
1301
1287
1313
1299
1311
1318
1285
1302
1289
1255
1247
1261
1271
1257
1266
1238
1274
1239
1283
1242
1251
1278
1267
1276
1244
1280
1281
1233
1250
1265
1252
1245
1262
1254
1272
1270
1249
1284
1269
1273
1237
1241
1282
1277
1263
1279
1246
1264
1268
1260
1234
1240
1258
1235
1275
1236
1100
1120
683
452
896
847
1076
723
720
1002
535
1218
1186
987
556
490
1221
518
733
626
1163
760
447
1187
980
1117
550
1063
703
756
1179
849
1144
458
949
1016
1046
785
1078
613
641
1055
1206
1210
1216
830
1219
1229
502
883
1092
498
453
964
704
658
744
728
1067
1034
1001
1048
1113
652
1068
934
885
537
1103
492
1073
481
595
509
899
993
513
631
898
548
871
1207
602
693
501
583
1007
952
891
820
438
1108
1079
558
928
676
996
991
1177
500
1107
1195
811
1058
790
1178
1116
925
1030
747
738
1093
1045
968
530
486
474
473
877
1009
770
441
489
1038
642
578
769
1114
924
1153
989
943
978
906
712
628
1143
1047
651
1015
762
609
855
1126
1184
1194
740
907
607
1018
717
797
768
464
935
505
680
774
589
494
617
544
938
837
819
444
1165
922
690
986
619
504
810
1174
1226
862
1024
531
1062
1051
1208
808
1151
1023
903
888
469
591
1096
1087
732
1049
478
687
455
850
1044
1099
1106
1021
831
1211
650
480
861
1127
710
787
684
951
689
838
516
662
834
448
1066
564
976
780
1173
477
730
632
940
746
1167
615
829
995
604
931
533
803
1231
911
802
610
1094
507
484
766
776
945
1086
879
930
722
889
836
965
1203
536
584
635
800
1130
575
679
463
824
599
571
1227
1082
1139
929
1000
984
601
1131
1160
611
1088
799
1059
916
815
1010
519
777
560
988
990
527
833
752
1097
1104
576
698
759
863
491
706
708
1180
1166
597
538
592
983
998
470
621
745
954
1214
580
960
549
764
572
669
1025
1026
648
817
697
936
1123
778
828
1013
497
832
835
605
734
437
791
1132
552
1060
875
1164
529
1031
842
1089
541
816
659
1150
1149
567
1081
866
1220
1071
969
608
686
1004
656
841
1109
1138
792
672
890
932
753
865
1217
892
1155
675
682
1003
714
520
999
1105
937
1101
1064
1077
667
534
933
751
451
566
1197
1035
821
905
674
1140
482
510
1027
568
886
654
1225
644
665
902
493
454
758
620
554
1135
939
840
1228
959
1075
982
551
927
472
1158
521
585
1033
563
1014
525
532
1069
726
574
1012
485
804
479
1190
807
961
1056
806
972
788
1043
1223
461
1141
997
705
900
565
942
1159
709
894
814
846
853
1019
1037
872
1168
1183
822
1154
636
859
678
1054
1040
754
735
526
966
1204
439
586
825
435
570
1125
1102
1137
1162
782
1119
1121
653
809
577
904
1112
594
488
1205
695
869
845
737
1011
511
1222
517
629
471
773
779
707
646
1169
1122
901
587
1050
1134
456
1193
496
948
742
1152
1129
823
614
794
844
702
546
465
1136
664
1042
459
1196
970
663
1199
1201
1161
655
781
761
528
1175
457
547
508
915
716
1065
813
713
757
1083
545
1172
668
643
468
688
627
867
715
974
912
994
1070
1171
748
1224
1189
579
677
1212
985
691
721
1148
882
763
971
450
701
783
963
581
1022
630
692
1181
880
618
1147
506
696
515
946
1213
639
1142
466
1198
462
616
1182
673
475
839
588
913
958
975
914
467
553
593
947
1200
1110
884
1052
522
1084
775
854
569
923
851
460
798
1232
1098
700
873
856
755
908
1017
1156
657
784
750
941
858
598
445
624
967
1029
981
818
1176
893
1145
559
897
719
503
887
860
555
843
1111
796
1091
1192
606
1185
1202
694
1036
625
919
483
1095
600
514
729
634
956
1124
523
864
540
685
666
487
582
623
1188
795
727
1191
1032
443
637
622
603
1041
920
741
805
918
944
870
868
917
649
921
1209
1170
660
910
446
645
1020
661
39
190
150
69
429
99
54
434
367
321
100
340
111
347
87
117
174
26
23
408
80
415
382
223
418
68
234
247
119
246
414
158
166
219
336
108
333
258
341
393
144
170
390
8
169
289
93
44
391
242
423
368
198
123
1
136
0
86
155
92
24
272
281
160
366
376
6
81
381
139
164
351
386
432
194
110
15
339
421
420
67
337
128
245
403
210
156
137
263
77
379
283
72
65
244
354
32
212
275
335
96
21
157
184
132
402
349
359
16
309
238
71
249
107
262
62
43
187
58
293
79
298
162
406
388
325
215
76
172
398
254
363
106
292
231
49
329
70
324
109
25
410
314
173
37
384
288
41
228
307
395
195
60
296
291
422
113
300
91
204
145
389
13
306
284
73
103
46
133
426
303
42
248
148
232
50
257
220
239
226
345
297
61
152
431
120
331
183
221
196
311
280
18
161
101
355
206
316
374
189
207
218
285
53
102
193
328
299
241
85
295
286
178
57
358
279
370
407
274
276
357
134
197
430
222
261
287
90
114
88
334
260
180
14
397
40
135
424
28
138
154
259
255
175
385
17
304
433
270
338
305
171
425
35
95
163
142
271
151
182
383
122
146
104
230
375
277
417
38
264
267
179
268
250
147
405
63
229
209
326
412
308
84
208
211
201
320
342
401
371
10
236
427
22
290
413
5
159
294
66
31
256
191
214
225
217
165
227
36
278
29
322
12
45
317
75
51
149
74
125
350
97
327
47
19
365
78
200
20
89
237
265
112
312
319
216
27
9
416
167
302
266
129
153
364
168
64
83
419
396
313
213
373
140
356
105
253
378
98
224
243
115
332
343
369
121
3
251
273
130
33
143
323
353
94
203
34
252
202
185
181
205
177
188
372
282
344
