1093
1124
1011
1003
1073
1113
1159
1153
1120
1100
1091
1148
1000
1184
1181
1077
1014
1005
964
976
816
813
860
914
937
885
807
936
908
982
871
811
822
923
810
836
641
677
726
694
653
685
782
602
776
744
760
798
755
795
660
671
753
634
416
453
468
435
583
542
467
568
571
516
546
427
424
446
452
455
431
492
352
300
258
254
267
312
374
339
322
289
265
229
288
319
261
238
356
245
189
166
161
169
116
140
126
46
48
167
151
195
138
198
143
184
74
133
1127
1092
1095
1129
1196
1001
1177
1111
1199
1010
1123
1079
1165
1069
1125
1193
1085
1131
1158
1107
990
863
890
913
926
980
917
921
942
888
995
882
970
829
911
905
848
938
854
974
612
749
628
679
605
735
676
783
737
763
639
754
664
751
784
788
717
789
665
626
553
461
503
528
525
539
441
558
597
482
593
549
479
496
456
405
531
414
519
463
205
343
357
308
292
314
209
365
224
385
305
372
269
256
301
392
399
325
344
248
199
141
107
24
108
121
68
100
122
173
3
119
91
96
23
70
95
21
16
13
1089
1029
1102
1075
1006
1083
1050
1096
1106
1116
1140
1115
1090
1198
1190
1078
1017
1152
1065
1040
1026
1058
1039
1114
1015
1094
1041
1138
1032
1143
1101
1057
1018
1174
1071
1007
1080
1166
1049
1187
1128
1168
1134
1192
1144
1097
1030
1072
1197
1063
1154
1185
1074
1189
1109
1062
1137
1164
1175
1052
1155
1019
1179
1169
1108
1037
1130
1048
1132
1172
1156
1126
1147
1151
1059
1171
1068
1055
1160
1163
1142
1176
1066
1173
1060
1149
1025
1023
1046
1121
1139
1161
1002
1034
1031
1012
1067
1117
1182
1167
1118
1191
1087
1170
1122
1194
1105
1064
1061
1043
1021
1009
1070
1008
1035
1053
1082
1146
1186
1188
1104
1195
1045
1038
1056
1013
1088
1042
1112
1076
1020
1016
1103
1157
1162
1044
1047
1119
1141
1086
1051
1054
1036
1028
1136
1081
1178
1024
1133
1145
1183
1099
1027
1135
1180
1004
1033
1150
1110
1084
1022
1098
952
983
883
922
831
881
986
900
934
869
927
864
916
915
978
839
856
886
824
877
953
874
904
833
972
988
971
894
858
932
862
872
832
819
849
857
840
930
947
846
823
903
815
820
985
838
960
859
800
906
945
844
973
948
837
843
993
803
981
818
879
968
910
987
999
961
828
946
878
935
802
933
891
868
939
853
835
866
821
957
851
929
944
958
907
875
842
966
817
805
825
806
959
902
852
920
940
997
827
887
841
808
847
895
967
962
969
865
830
897
867
925
994
845
855
975
898
893
949
989
876
861
909
998
963
912
880
991
889
896
809
956
924
892
984
943
950
951
931
804
899
918
814
826
850
901
801
992
941
954
812
870
977
873
965
955
979
834
919
884
996
928
787
705
690
743
600
646
722
662
688
711
790
746
684
719
759
727
670
770
708
691
761
715
629
689
654
663
707
696
682
713
617
692
778
758
712
669
777
648
709
659
732
706
734
775
615
741
613
698
797
680
733
757
610
714
647
636
773
762
723
633
716
769
704
652
649
724
738
650
635
625
779
656
643
764
771
710
752
616
745
673
785
622
768
603
748
786
604
675
767
606
627
730
686
718
702
630
792
657
772
693
667
725
794
614
736
697
796
701
611
668
638
608
765
658
695
651
637
644
766
780
703
791
640
661
720
620
645
642
774
631
700
624
793
607
623
609
632
683
619
739
728
655
674
621
666
721
799
742
756
601
681
747
731
678
687
781
729
750
699
618
672
740
475
567
584
404
470
551
411
412
529
406
586
481
596
538
507
540
537
474
425
598
486
439
560
495
547
595
491
442
489
523
462
513
544
437
415
480
487
548
493
564
582
599
418
501
473
422
569
588
592
511
555
570
499
484
434
483
476
524
401
559
526
580
527
432
429
578
426
465
509
408
522
535
590
451
490
471
498
449
448
576
556
488
445
494
409
557
506
510
454
457
502
530
572
421
469
521
563
403
504
581
458
550
579
407
554
517
477
566
520
444
515
436
420
587
508
577
505
552
459
512
410
545
447
565
419
589
574
423
478
541
532
562
533
591
443
400
536
594
430
460
413
514
450
433
440
497
534
500
543
575
561
485
585
573
428
402
464
438
466
472
417
518
377
280
284
262
329
293
232
311
358
226
213
233
384
239
247
218
368
303
243
370
326
240
286
246
398
316
204
389
383
346
355
215
217
241
317
391
290
278
216
282
203
263
362
220
291
310
230
371
219
363
274
202
341
299
302
318
345
228
266
315
342
337
252
285
268
388
338
210
276
390
380
200
207
324
349
298
332
320
222
360
340
273
259
250
307
327
206
270
373
354
249
264
283
244
294
382
387
237
379
375
335
297
321
208
348
242
296
272
236
211
214
201
364
221
367
366
227
397
350
257
376
260
334
231
287
395
255
304
394
251
271
353
378
328
323
234
359
235
331
275
281
313
396
223
351
330
336
309
393
361
212
306
347
386
253
381
295
369
277
225
279
333
18
179
118
113
17
31
136
19
115
192
35
176
14
137
11
111
185
27
147
72
79
194
60
164
83
9
26
81
109
62
155
120
170
127
43
28
44
59
98
58
150
160
106
154
171
172
145
180
76
191
55
101
168
54
162
40
42
130
182
36
41
30
93
97
78
197
187
175
34
86
99
123
66
183
131
8
125
188
94
159
29
174
32
105
186
149
163
15
77
52
0
92
56
90
10
50
71
178
146
129
89
148
103
117
139
33
38
144
135
63
181
114
6
85
82
67
104
190
156
196
20
152
7
110
142
1
132
102
69
12
165
22
53
57
128
2
47
4
49
39
134
193
112
73
158
25
51
157
84
87
153
37
88
64
177
5
124
75
65
80
61
45
