1113
1181
1114
1037
1068
1173
1039
1160
1174
1034
1078
1127
1010
1063
1117
1070
1046
1175
875
928
990
812
820
948
804
905
811
956
865
953
813
959
850
833
926
871
658
751
660
725
764
700
756
755
757
695
620
753
742
786
715
720
608
656
463
400
490
446
406
486
515
444
538
437
429
430
509
535
424
412
555
569
399
313
332
293
296
295
391
282
248
353
343
278
243
339
378
310
290
268
146
152
74
130
194
65
184
82
153
90
43
151
186
57
34
129
187
89
1102
1075
1004
1197
1161
1003
1137
1132
1018
1085
1125
1074
1007
1005
1000
1064
1109
1155
1050
1081
986
915
890
879
894
887
920
844
806
911
824
885
856
898
996
883
935
854
942
809
605
618
616
697
738
736
642
692
724
623
624
643
728
741
779
609
629
654
717
774
506
477
546
504
416
567
560
480
491
564
526
442
553
540
501
532
502
585
494
403
218
252
279
368
280
346
292
200
317
249
236
328
247
245
261
351
372
383
340
366
24
106
29
191
199
62
181
147
108
36
3
165
1
140
143
10
87
161
185
150
1112
1104
1019
1193
1080
1123
1041
1182
1191
1028
1042
1105
1036
1084
1089
1024
1043
1196
1167
1172
1012
1077
1128
1157
1115
1158
1038
1120
1057
1150
1083
1108
1165
1130
1116
1002
1066
1073
1001
1051
1045
1062
1134
1093
1035
1017
1013
1095
1178
1195
1056
1032
1189
1184
1135
1060
1140
1111
1162
1006
1187
1194
1192
1122
1199
1152
1058
1154
1168
1071
1030
1053
1048
1049
1149
1086
1091
1055
1090
1031
1027
1131
1177
1138
1087
1118
1040
1052
1098
1169
1148
1061
1029
1179
1023
1141
1198
1015
1021
1110
1185
1044
1082
1103
1022
1142
1143
1065
1159
1079
1163
1106
1153
1136
1133
1059
1171
1094
1145
1147
1166
1067
1054
1088
1069
1076
1183
1092
1190
1180
1101
1119
1144
1011
1016
1099
1139
1156
1151
1107
1072
1033
1026
1186
1146
1047
1097
1008
1025
1100
1096
1176
1126
1164
1124
1009
1170
1020
1129
1121
1188
1014
946
964
892
924
979
886
827
981
937
984
805
841
863
889
989
836
983
845
998
899
816
961
817
839
908
834
933
846
876
999
874
994
901
966
957
974
950
801
881
853
861
955
916
988
912
869
838
944
930
835
868
941
849
851
847
943
818
940
895
934
807
978
938
904
977
866
822
893
973
802
918
970
913
842
888
975
855
952
882
906
909
830
927
910
917
819
923
993
848
810
997
985
825
951
877
832
823
980
991
891
921
914
870
896
800
949
900
929
821
931
932
987
907
884
814
857
828
873
982
962
969
963
829
976
919
954
967
860
852
972
864
808
936
826
958
862
947
903
803
880
897
922
945
960
925
878
872
939
858
968
971
867
992
843
840
859
965
815
831
995
902
837
683
637
648
735
690
746
696
780
617
708
691
795
632
701
606
704
614
718
640
773
737
722
765
733
636
710
783
712
679
760
790
652
671
743
702
723
668
763
768
612
603
798
688
663
789
601
752
626
676
719
749
699
653
646
761
767
621
670
778
631
693
613
781
730
706
674
615
630
651
698
748
628
602
662
689
639
788
685
759
659
694
677
732
713
750
744
705
745
686
681
627
684
791
758
707
665
787
734
638
644
607
634
739
625
714
682
721
797
667
641
661
726
709
649
770
687
792
769
754
772
784
796
766
793
799
635
777
703
731
645
633
782
775
647
664
610
727
716
604
762
672
678
675
650
794
776
657
747
669
771
600
611
673
655
622
729
680
785
711
619
666
740
520
539
565
575
426
492
500
591
556
478
420
471
558
584
498
423
432
531
525
421
592
479
404
482
422
512
576
418
464
465
439
448
545
434
530
401
503
411
563
548
505
552
561
472
405
510
417
409
475
570
527
597
495
415
433
583
599
598
536
445
572
487
462
537
438
513
543
566
459
507
579
541
440
550
580
489
476
435
453
473
508
407
596
522
466
449
521
577
554
516
578
425
443
402
589
414
524
493
451
544
562
408
481
485
497
455
551
573
518
587
557
460
436
431
410
586
427
514
488
529
470
523
454
468
582
450
428
528
533
511
542
534
467
519
461
559
595
581
474
571
447
452
499
590
588
549
593
547
574
469
517
594
419
484
456
457
441
458
496
483
413
568
308
223
298
333
342
217
359
377
207
311
232
312
287
235
209
204
371
324
326
356
304
208
334
322
335
375
215
289
253
224
362
344
302
299
255
206
242
214
244
389
230
363
386
291
318
273
256
216
349
387
354
269
364
263
393
381
231
219
210
374
379
397
270
237
361
274
341
345
355
283
286
225
307
357
258
259
329
319
376
395
241
384
337
320
275
336
323
239
369
220
388
297
314
303
316
227
271
221
327
392
348
229
398
250
305
281
367
205
360
240
228
294
380
201
272
330
260
285
288
306
350
301
203
325
211
321
358
284
265
202
266
251
396
347
277
382
234
394
331
213
309
226
338
262
315
300
370
222
254
276
233
264
352
385
238
246
267
390
365
257
212
373
18
116
190
63
131
144
59
14
137
35
67
100
166
64
22
183
103
25
174
23
44
68
180
179
78
15
188
113
45
50
6
76
163
42
27
172
61
176
128
72
79
84
96
195
105
177
109
56
111
69
117
47
80
118
110
85
94
54
104
189
5
30
93
97
141
46
9
193
120
135
17
162
125
70
66
164
77
2
71
119
98
134
169
92
52
49
175
38
196
20
16
40
19
160
154
95
58
60
197
136
48
155
102
145
33
122
167
159
142
41
124
171
11
73
21
28
55
149
173
198
37
157
112
127
182
86
114
192
39
8
91
133
7
53
0
4
88
107
138
126
13
158
178
31
32
115
132
12
26
121
148
101
99
75
123
51
139
83
168
81
156
170
