1099
1022
1023
1002
1120
1033
1125
1177
1133
1037
1156
1009
1108
1161
1190
1003
1004
1139
878
975
805
999
928
896
817
892
969
893
876
848
821
834
967
828
832
849
736
672
698
738
639
768
699
643
663
668
770
712
640
656
604
711
695
750
574
560
488
405
455
422
454
406
567
493
403
404
463
544
411
400
416
514
232
248
349
220
388
331
371
280
254
386
260
217
207
342
273
277
391
377
191
13
94
1
6
58
75
150
89
137
176
40
54
80
108
109
140
193
1058
1173
1046
1076
1155
1028
1189
1113
1031
1100
1032
1102
1184
1115
1183
1179
1092
1077
1063
1187
953
919
806
949
870
986
908
827
951
868
932
800
857
955
814
937
860
904
939
990
664
623
791
777
756
707
775
727
610
696
798
758
684
745
748
743
635
766
753
726
425
518
461
521
453
524
447
462
465
418
480
452
543
566
402
485
577
458
466
553
295
203
212
296
338
392
240
251
326
259
319
276
310
226
200
314
329
210
209
387
52
16
26
59
5
134
131
97
100
126
49
0
50
113
25
152
142
47
96
71
1019
1050
1049
1119
1163
1192
1199
1134
1106
1006
1135
1039
1091
1065
1043
1086
1067
1082
1087
1157
1048
1061
1193
1026
1070
1025
1112
1027
1164
1078
1145
1045
1147
1090
1197
1158
1186
1127
1017
1104
1012
1062
1128
1036
1057
1053
1131
1175
1188
1162
1129
1191
1096
1093
1066
1138
1013
1024
1136
1075
1083
1068
1126
1038
1020
1056
1074
1084
1152
1122
1153
1111
1181
1110
1010
1196
1117
1001
1195
1079
1132
1060
1069
1168
1081
1109
1007
1123
1044
1011
1029
1030
1170
1141
1035
1151
1073
1089
1071
1040
1185
1144
1005
1101
1097
1016
1116
1174
1149
1182
1064
1008
1059
1142
1072
1107
1052
1176
1047
1146
1121
1160
1130
1194
1085
1198
1143
1034
1140
1055
1018
1137
1167
1054
1015
1105
1159
1148
1165
1080
1021
1166
1042
1118
1103
1150
1169
1095
1000
1180
1088
1014
1171
1094
1178
1114
1098
1172
1124
1051
1154
1041
935
813
965
863
895
851
946
959
927
918
993
818
943
915
925
948
977
845
847
881
882
840
972
945
916
922
835
920
887
947
909
807
884
802
869
995
837
899
864
944
820
866
838
867
801
853
968
836
941
912
998
846
938
822
952
872
886
856
930
891
910
830
862
831
883
963
958
903
824
957
877
900
897
888
996
934
885
950
982
815
964
871
987
803
865
855
890
991
894
976
858
841
923
970
874
985
879
956
954
988
962
842
997
933
992
905
981
901
984
917
810
898
960
971
843
907
829
980
929
880
826
911
921
926
902
833
804
861
854
816
974
808
940
914
809
906
839
873
875
978
966
924
844
961
852
850
942
983
859
936
823
889
819
931
994
825
812
979
989
973
811
913
688
789
652
723
661
644
720
709
799
725
692
730
787
740
634
797
620
765
790
607
651
763
600
735
713
642
673
680
778
650
687
771
755
744
793
647
741
785
751
657
767
704
611
734
796
772
683
665
697
752
675
747
731
781
603
602
742
759
728
630
788
702
681
700
614
782
645
682
616
618
619
779
701
613
625
615
617
658
660
703
626
666
690
685
636
632
754
724
646
674
655
629
718
612
609
733
606
670
671
761
780
649
686
757
628
667
737
653
654
622
601
605
648
776
719
710
746
627
705
638
794
633
677
732
714
659
749
694
715
760
608
762
693
784
774
679
706
739
624
792
729
717
786
783
721
722
678
708
676
641
691
621
764
631
662
795
689
716
773
669
769
637
501
439
591
444
540
538
446
484
547
573
565
482
417
558
535
512
423
578
496
509
409
532
590
445
533
580
424
531
469
479
519
464
541
434
468
593
528
551
550
457
587
502
572
568
557
598
429
583
584
596
450
401
579
490
589
588
522
536
478
586
539
569
594
511
473
442
526
555
494
504
430
495
486
534
471
499
474
477
451
546
470
559
427
548
431
585
503
491
476
517
554
475
516
414
537
459
432
575
492
435
530
595
483
576
581
448
570
505
481
564
415
513
510
421
498
472
542
497
515
545
556
520
407
527
433
420
500
426
428
443
449
523
456
436
408
467
410
437
599
563
413
487
549
562
506
419
561
529
592
489
440
507
441
597
438
508
571
525
412
582
552
460
275
367
340
255
223
236
215
213
315
333
269
282
328
245
271
283
208
378
292
317
321
330
302
343
395
318
325
246
286
375
233
373
350
323
247
354
235
353
383
244
266
389
278
311
303
257
344
362
274
206
221
365
359
368
335
222
337
258
237
374
239
281
284
270
334
361
211
364
230
201
327
347
250
313
384
360
355
305
249
307
228
394
380
267
339
385
299
316
205
322
298
312
396
382
320
224
336
345
285
262
279
202
398
309
225
253
348
288
352
341
219
243
214
366
346
358
229
291
241
264
369
332
289
231
216
287
238
297
268
293
294
363
381
324
301
218
256
370
356
306
357
351
304
379
300
265
227
393
263
376
308
234
242
290
252
397
390
399
372
261
204
272
130
171
41
56
32
43
76
29
81
48
111
147
91
11
33
28
79
102
190
198
24
121
182
107
55
34
194
118
8
129
135
144
174
83
92
103
104
145
197
141
181
44
66
78
172
99
23
151
15
64
163
112
14
195
169
9
185
12
177
17
73
63
122
90
60
148
183
166
192
10
159
114
36
2
117
22
42
168
143
18
38
149
19
153
65
30
125
57
180
62
178
165
188
179
53
39
175
128
164
162
133
186
45
155
110
27
157
93
72
84
116
67
189
3
187
199
88
74
196
85
98
161
167
69
158
95
61
156
132
136
170
51
101
115
105
31
86
46
20
70
82
37
68
21
138
119
4
160
77
106
7
139
124
173
123
127
120
35
87
146
154
184
