1151
1076
1006
1189
1099
1056
1061
1195
1177
1034
1070
1158
1196
1072
1062
1104
1152
1097
895
971
844
927
804
818
893
820
913
852
899
829
904
907
961
879
873
840
681
748
658
676
714
661
667
759
652
653
600
760
704
622
747
649
723
614
541
580
433
493
425
489
479
484
599
535
499
440
510
565
470
591
508
517
204
337
230
396
267
305
397
261
373
327
258
372
319
202
363
307
285
292
112
130
162
13
139
123
103
127
57
99
119
22
97
49
151
134
11
171
1022
1037
1098
1094
1197
1111
1187
1095
1087
1139
1057
1101
1108
1067
1113
1033
1044
1012
1178
1084
935
978
811
942
827
981
919
997
911
834
880
915
966
857
885
876
917
964
897
929
789
677
740
669
618
768
746
699
719
639
688
765
620
758
776
671
786
754
778
724
428
492
407
531
434
463
494
537
449
571
416
420
400
566
429
481
548
525
529
563
365
340
248
211
391
293
384
362
259
203
294
390
226
377
338
394
359
332
265
276
146
21
109
47
34
96
169
74
165
160
158
44
1
94
48
71
10
52
105
15
1133
1050
1165
1153
1107
1186
1154
1166
1077
1054
1052
1005
1123
1136
1073
1191
1167
1161
1001
1146
1144
1180
1140
1119
1032
1141
1137
1013
1048
1160
1135
1157
1051
1193
1031
1172
1069
1105
1183
1079
1088
1122
1188
1124
1018
1175
1047
1041
1090
1042
1173
1046
1027
1063
1024
1199
1126
1035
1170
1066
1038
1109
1091
1003
1156
1118
1028
1096
1093
1081
1017
1065
1106
1145
1071
1163
1131
1058
1020
1026
1043
1029
1036
1009
1014
1138
1132
1184
1162
1019
1134
1115
1085
1103
1168
1176
1011
1059
1075
1121
1181
1055
1164
1150
1128
1021
1149
1102
1045
1185
1060
1040
1000
1089
1015
1182
1004
1083
1053
1192
1116
1092
1142
1082
1114
1169
1174
1129
1010
1125
1179
1171
1007
1068
1155
1078
1074
1130
1080
1025
1023
1100
1016
1086
1120
1143
1002
1159
1117
1110
1127
1064
1008
1198
1049
1148
1190
1030
1112
1194
1039
1147
813
807
888
854
878
843
925
858
812
993
963
842
955
898
882
819
950
803
851
980
817
995
945
815
850
939
808
922
823
952
965
953
845
841
862
990
905
868
947
847
986
901
855
816
926
943
806
903
941
914
809
833
985
838
960
944
839
991
938
861
949
869
810
883
896
957
916
932
828
974
940
860
825
877
870
918
967
909
910
836
946
954
802
936
984
856
973
970
906
822
872
866
831
824
894
977
908
891
890
912
800
805
928
865
976
884
902
992
969
853
968
975
863
875
987
881
921
826
871
933
934
892
886
801
982
994
958
864
859
988
998
959
937
931
951
889
846
996
923
930
956
948
962
900
972
814
848
849
835
830
821
832
874
989
867
924
983
920
999
979
887
837
735
773
706
607
694
737
791
771
630
770
731
777
781
787
609
647
636
610
638
729
775
795
628
685
725
717
690
633
617
601
666
751
660
720
764
710
788
744
713
634
779
632
722
774
782
707
629
766
742
727
700
772
763
702
711
621
703
767
619
750
602
624
705
644
613
728
756
762
663
659
641
799
755
796
739
712
612
656
718
637
680
696
665
645
708
721
679
761
757
605
635
693
648
682
654
792
752
615
769
733
716
736
741
655
668
689
674
701
657
646
692
797
798
640
625
697
650
626
785
623
611
709
734
684
790
683
780
745
794
673
730
678
687
753
732
715
738
603
631
695
627
783
670
651
743
672
662
691
642
726
793
686
698
608
643
616
784
606
749
604
675
664
461
577
575
478
574
480
515
430
466
439
545
569
595
404
564
516
559
487
532
468
498
482
584
573
536
444
513
589
544
560
455
490
509
450
533
488
550
497
538
588
418
557
469
503
527
594
476
582
411
448
410
456
554
403
555
502
413
520
579
432
581
530
583
521
540
585
441
534
524
549
593
431
465
464
442
424
402
460
473
501
576
419
562
485
472
519
542
447
552
421
505
504
592
558
443
483
526
495
422
408
438
457
518
551
414
547
412
462
496
459
523
572
401
596
491
570
597
436
567
587
477
553
405
437
446
471
506
427
586
486
467
546
454
568
590
474
409
452
406
435
417
522
507
514
528
426
458
451
423
475
511
500
556
415
512
561
539
598
445
453
578
543
386
222
208
304
326
251
333
345
306
221
349
271
360
330
244
346
246
235
395
389
216
296
236
278
316
233
255
237
243
206
223
318
210
242
312
301
368
218
309
262
367
284
385
299
217
273
269
383
280
250
274
256
232
291
320
207
219
325
201
371
238
355
263
358
350
209
253
323
353
308
387
339
317
290
281
225
303
286
268
356
239
378
392
282
388
298
399
321
334
275
329
393
342
347
352
361
311
380
364
369
277
354
376
240
348
310
351
370
241
335
336
212
213
272
224
234
379
322
381
313
247
229
266
295
245
328
231
279
252
249
315
270
302
288
300
205
215
227
343
200
314
220
260
264
366
341
331
398
289
374
324
283
375
357
344
228
297
214
254
287
382
257
156
88
53
81
62
101
125
73
46
154
102
80
66
150
50
5
75
155
33
176
116
195
173
6
122
129
69
128
65
191
40
121
124
197
58
61
137
115
85
28
24
148
120
3
19
111
177
104
41
54
196
59
7
18
25
141
90
95
60
106
113
35
163
161
152
144
29
27
184
138
140
126
76
178
117
145
198
170
70
78
142
45
0
180
174
39
147
31
168
194
164
186
77
63
14
166
64
143
153
79
9
107
181
38
67
4
159
56
179
189
100
188
182
17
83
92
72
30
87
131
68
98
93
108
192
118
55
172
132
23
185
187
133
190
193
86
2
37
157
114
12
136
26
32
42
135
149
199
20
183
175
84
16
51
36
91
43
82
89
110
8
167
