1112
1048
1176
1027
1188
1156
1095
1046
1135
1104
1072
1068
1019
1083
1056
1165
1114
1099
987
828
972
890
971
968
969
985
922
892
913
876
833
868
941
989
825
983
745
771
763
630
737
766
721
677
605
604
696
693
683
778
708
742
624
675
414
528
416
581
523
408
535
532
493
439
409
489
442
403
560
468
594
452
301
358
248
332
223
298
271
204
263
217
281
262
366
369
320
278
359
383
6
80
157
142
197
29
43
119
143
60
38
54
156
59
122
34
13
41
1080
1087
1178
1097
1190
1144
1031
1147
1167
1067
1060
1115
1162
1075
1138
1146
1131
1041
1011
1026
871
880
863
840
842
895
847
924
958
859
861
953
838
817
914
992
940
925
810
932
678
726
608
744
657
733
687
796
635
619
636
724
701
789
736
627
637
780
775
642
478
586
576
443
580
524
516
485
533
421
411
575
436
565
550
418
585
514
475
451
330
308
380
276
214
230
265
321
201
225
304
326
316
297
340
377
293
399
335
209
0
93
52
118
71
189
135
177
78
66
77
51
79
16
145
72
116
167
107
7
1016
1127
1174
1129
1100
1009
1143
1139
1196
1141
1184
1161
1169
1070
1057
1064
1071
1103
1164
1039
1110
1140
1082
1049
1078
1166
1074
1018
1006
1054
1045
1093
1199
1069
1025
1180
1042
1128
1066
1044
1055
1118
1098
1123
1035
1160
1036
1013
1005
1159
1015
1120
1145
1030
1023
1040
1003
1077
1089
1191
1181
1172
1076
1020
1090
1028
1124
1177
1152
1126
1024
1117
1155
1086
1105
1002
1182
1088
1085
1194
1062
1053
1192
1092
1158
1171
1125
1136
1173
1153
1195
1029
1193
1107
1012
1175
1047
1108
1149
1096
1168
1102
1084
1001
1079
1081
1073
1004
1185
1008
1130
1106
1116
1119
1058
1000
1137
1037
1014
1091
1050
1033
1111
1198
1032
1132
1187
1052
1122
1059
1017
1148
1094
1109
1163
1133
1142
1150
1065
1022
1154
1157
1034
1010
1101
1113
1007
1183
1021
1179
1043
1189
1063
1061
1038
1170
1186
1121
1197
1151
1134
1051
951
952
937
887
986
819
836
831
963
966
852
866
919
910
889
954
949
875
821
931
943
920
869
820
978
928
855
946
844
803
888
976
988
802
851
832
901
865
991
984
812
906
934
835
874
905
938
800
965
898
893
883
826
807
827
849
990
903
811
886
809
830
806
997
995
857
837
918
815
860
834
853
816
967
909
981
873
999
944
818
961
980
897
808
841
921
822
891
854
945
881
998
977
850
948
929
907
899
805
915
939
862
904
878
955
839
979
973
814
845
896
936
843
813
882
824
957
864
911
930
974
993
982
916
970
923
964
912
947
950
867
872
894
884
917
829
962
801
994
975
823
900
804
848
870
926
877
927
935
846
856
902
885
942
960
933
879
858
959
908
996
956
643
772
692
629
787
700
685
638
689
699
623
610
667
769
709
704
600
628
794
634
641
652
613
782
644
633
729
666
682
703
790
697
712
670
705
646
793
698
740
671
768
784
792
785
659
739
668
606
762
743
715
612
761
723
756
674
679
654
798
676
663
602
655
773
647
777
672
776
719
622
757
706
764
774
625
749
732
680
665
648
765
746
662
714
791
694
686
770
621
650
611
751
688
651
718
669
752
722
658
620
631
603
799
738
741
779
673
690
681
727
728
645
617
653
661
664
759
730
607
710
783
786
702
797
788
615
795
609
616
618
640
754
691
767
695
753
614
601
750
707
649
747
735
716
781
713
656
660
734
755
760
758
632
639
748
711
731
720
717
626
684
725
432
464
430
498
563
469
553
420
480
456
404
445
564
562
566
547
449
424
422
434
481
503
568
515
491
531
415
520
545
413
539
507
511
583
529
438
584
512
598
591
437
574
496
495
518
595
423
401
559
473
472
441
592
455
582
500
541
497
471
536
597
509
476
407
400
505
466
513
446
555
526
593
517
444
506
440
448
484
530
579
435
538
426
417
544
571
488
454
521
474
587
501
567
483
492
428
540
450
431
410
429
486
525
508
551
546
554
433
588
412
596
557
504
578
558
479
556
561
419
461
494
522
465
552
490
573
537
599
457
460
543
477
402
425
590
519
463
577
510
502
459
487
470
405
534
527
447
548
427
569
462
549
482
467
406
572
542
570
589
458
453
499
318
319
324
226
396
347
360
354
222
397
344
216
368
379
333
381
240
338
244
235
394
290
264
364
337
254
268
305
233
289
329
284
375
227
220
218
211
234
257
261
309
342
287
389
292
253
387
336
243
229
300
312
237
221
325
371
279
232
241
242
238
255
239
280
283
357
350
307
378
386
370
395
294
285
367
252
231
372
251
384
219
310
339
327
391
299
348
236
349
286
382
334
203
390
365
245
291
385
215
341
207
346
363
353
224
200
355
273
376
272
270
306
352
210
288
208
256
269
317
393
275
314
315
361
373
246
356
260
398
267
259
213
303
249
266
343
351
206
205
247
282
274
374
258
328
323
202
295
345
296
212
362
331
388
322
302
392
228
311
277
313
250
3
115
87
117
176
57
23
150
39
180
92
86
123
190
2
5
65
113
49
182
84
160
169
159
27
114
98
12
37
10
76
55
158
68
22
56
73
172
121
196
40
85
173
184
178
103
18
17
199
32
187
1
95
128
104
161
194
195
131
97
19
36
148
141
152
129
35
96
132
139
45
191
174
125
163
164
179
133
15
111
25
62
186
75
138
124
109
171
61
46
106
151
198
42
11
134
165
83
185
53
30
188
154
31
48
44
101
21
183
88
126
47
110
127
144
24
100
94
137
28
20
74
192
162
166
108
175
168
70
147
67
102
58
82
33
130
64
136
149
153
69
14
91
99
140
181
26
170
8
89
81
112
4
90
105
193
63
50
9
155
120
146
