1159
1019
1146
1015
1069
1153
1171
1037
1162
1003
1178
1190
1084
1196
1062
1095
1089
1189
936
821
946
855
923
899
826
841
981
963
918
802
836
931
890
914
944
911
629
676
791
784
786
785
690
798
685
644
606
602
703
667
770
610
756
673
525
417
579
512
448
559
409
491
551
515
570
468
546
485
415
543
470
420
382
359
399
232
316
249
300
230
353
261
313
273
309
380
392
346
263
203
69
2
43
87
35
192
114
182
157
59
61
58
162
72
94
44
152
190
1198
1023
1031
1104
1161
1009
1012
1154
1126
1056
1001
1132
1160
1136
1128
1068
1181
1077
1112
1052
965
814
893
819
822
877
961
982
932
989
884
902
845
888
942
866
895
807
800
907
615
768
603
650
710
725
761
708
637
627
763
720
608
682
659
692
739
775
742
705
532
566
590
572
542
549
550
544
445
529
407
501
498
507
585
524
521
435
541
505
213
394
295
212
255
308
302
315
229
264
202
354
218
342
327
337
348
277
385
227
118
57
88
68
146
154
41
64
115
163
161
96
104
6
73
3
172
130
127
27
1115
1090
1151
1025
1182
1113
1155
1150
1045
1100
1086
1042
1071
1117
1065
1156
1173
1149
1035
1180
1020
1004
1026
1074
1148
1168
1054
1125
1105
1163
1127
1141
1011
1118
1103
1114
1047
1145
1032
1139
1174
1022
1097
1067
1130
1087
1143
1187
1119
1129
1041
1039
1124
1142
1152
1029
1102
1021
1049
1176
1048
1108
1169
1135
1063
1186
1030
1057
1193
1111
1199
1088
1055
1034
1098
1096
1185
1059
1179
1053
1184
1134
1043
1005
1061
1197
1076
1033
1091
1014
1137
1008
1101
1060
1099
1040
1051
1078
1140
1085
1107
1166
1027
1133
1079
1000
1013
1046
1170
1106
1191
1183
1080
1070
1006
1007
1036
1093
1024
1083
1072
1109
1073
1177
1002
1192
1050
1167
1028
1165
1120
1157
1194
1064
1092
1138
1016
1131
1164
1075
1081
1066
1010
1116
1038
1082
1144
1195
1044
1123
1175
1110
1121
1094
1058
1018
1158
1017
1147
1172
1188
1122
846
977
955
966
864
904
969
871
801
999
954
843
805
863
976
998
817
919
956
993
930
818
804
948
996
856
953
912
997
827
950
908
830
885
943
828
853
837
862
925
995
881
811
820
842
812
869
962
896
806
938
901
803
861
970
865
848
960
850
924
935
984
872
816
951
832
937
882
868
851
920
810
891
991
840
905
909
959
829
876
852
915
974
967
897
873
916
947
906
838
929
975
839
886
988
927
968
983
903
958
972
928
992
985
857
815
854
883
980
870
847
875
880
844
964
874
833
898
986
940
860
945
913
824
825
900
808
922
849
990
933
894
867
971
892
994
879
917
813
809
831
834
889
979
941
921
878
858
987
910
973
859
978
887
939
949
823
835
952
957
934
926
699
713
696
653
642
752
762
698
734
715
619
789
790
614
689
777
740
663
743
753
717
604
671
736
744
631
694
674
691
728
669
654
641
771
662
679
623
782
622
738
670
741
707
760
625
774
649
645
638
605
759
680
666
639
796
652
722
706
745
600
749
765
778
648
684
735
612
609
755
730
656
780
766
651
764
711
636
634
737
678
712
783
686
718
687
616
668
794
787
746
799
630
664
633
624
617
626
697
732
647
660
695
635
611
613
719
681
721
779
733
731
640
727
781
751
747
700
788
748
729
655
702
607
661
726
657
773
769
793
797
795
701
723
683
724
688
693
704
643
677
646
758
716
665
620
672
621
792
601
754
757
772
709
675
776
750
628
714
618
632
767
658
418
561
434
510
450
588
471
516
464
443
466
511
480
410
519
560
558
574
406
439
523
486
465
565
475
476
477
454
424
587
535
419
446
526
425
552
412
580
513
423
403
522
413
487
469
518
429
500
456
442
451
460
405
478
527
461
473
537
463
484
533
571
553
482
534
581
452
531
431
449
593
455
430
530
578
517
567
432
483
411
457
499
428
433
576
426
453
563
538
589
564
569
400
492
598
440
557
514
494
547
438
462
596
548
427
582
592
502
509
490
459
474
586
493
540
555
528
404
520
447
504
594
408
441
568
554
401
595
577
481
573
556
562
503
416
583
402
508
497
496
506
591
536
545
467
436
597
422
489
479
414
472
437
495
539
584
421
444
599
488
458
575
381
208
284
371
326
319
373
276
330
332
239
207
200
233
366
290
237
305
306
388
219
323
262
246
238
294
389
247
268
210
298
303
244
328
329
226
336
216
271
398
211
225
251
253
355
372
322
222
352
289
296
393
241
351
338
288
252
340
375
272
257
307
205
236
379
254
291
363
396
206
376
285
377
258
281
310
384
345
240
349
395
369
321
270
320
339
267
297
204
245
217
365
324
364
314
260
223
214
347
390
362
350
299
287
344
282
331
234
242
248
220
391
231
334
259
358
201
383
301
333
370
368
343
325
274
293
311
269
304
312
374
243
361
356
397
341
275
266
286
221
283
250
292
387
386
378
209
278
317
335
280
318
265
256
367
215
360
228
235
279
357
224
48
189
120
148
91
184
50
51
31
90
62
173
156
193
112
71
15
181
79
82
92
98
32
111
168
109
136
1
113
101
142
178
110
137
164
175
53
85
7
70
177
123
133
66
176
0
74
180
150
8
34
49
13
45
153
93
65
99
129
19
63
141
33
119
5
106
76
131
125
89
18
75
199
55
54
86
81
40
14
52
30
105
103
191
10
26
122
139
179
121
128
28
145
186
166
56
165
124
39
155
188
107
126
187
4
132
25
77
84
160
198
42
183
108
80
16
167
22
23
149
29
151
143
12
100
102
185
159
36
97
195
147
11
170
138
21
9
17
140
78
169
67
24
46
116
60
144
47
20
197
134
135
117
158
174
37
196
83
95
38
171
194
