1130
1104
1115
1146
1073
1010
1049
1079
1162
1029
1176
1171
1007
1042
1109
1008
1168
1106
950
966
978
854
888
991
810
815
982
952
941
940
925
866
964
855
995
997
685
739
751
635
762
640
657
743
691
676
672
665
696
768
765
777
793
796
526
402
451
490
588
544
409
568
406
507
445
530
436
509
575
500
471
447
390
327
206
201
369
329
339
244
233
236
320
370
394
376
347
296
381
337
124
57
65
30
69
70
185
189
111
129
123
58
157
43
77
155
104
197
1188
1040
1026
1150
1024
1191
1030
1013
1067
1133
1100
1085
1032
1074
1005
1135
1183
1063
1072
1009
884
846
897
987
977
864
904
983
976
804
895
850
820
956
996
934
861
988
830
957
623
778
741
670
664
785
730
700
622
764
709
754
757
769
703
674
707
776
660
733
439
547
501
421
572
576
574
460
416
579
442
401
587
481
598
410
463
413
502
560
331
251
263
389
333
304
380
315
235
305
266
334
238
350
325
272
377
229
308
268
138
165
85
38
153
32
86
122
118
68
37
12
98
120
99
81
0
51
127
24
1053
1153
1105
1197
1002
1170
1198
1076
1039
1091
1102
1125
1027
1095
1173
1001
1006
1082
1025
1041
1101
1057
1160
1075
1080
1108
1107
1070
1113
1123
1014
1149
1199
1154
1099
1116
1119
1165
1129
1152
1028
1180
1096
1089
1142
1020
1156
1060
1175
1110
1087
1023
1097
1157
1120
1127
1043
1011
1166
1078
1062
1172
1051
1038
1052
1088
1094
1033
1090
1092
1081
1126
1167
1159
1003
1138
1022
1163
1012
1016
1114
1048
1128
1169
1186
1045
1147
1056
1164
1058
1066
1143
1134
1182
1015
1193
1124
1155
1195
1077
1065
1181
1083
1018
1017
1139
1050
1144
1132
1141
1192
1098
1084
1031
1064
1004
1118
1189
1034
1036
1021
1131
1194
1071
1151
1121
1178
1046
1054
1148
1112
1069
1055
1117
1059
1103
1184
1111
1179
1037
1035
1093
1019
1047
1161
1044
1086
1187
1137
1140
1061
1136
1185
1190
1196
1158
1177
1068
1000
1122
1174
1145
880
812
874
844
937
898
933
899
883
902
955
946
900
845
922
969
839
806
822
807
814
915
939
867
971
872
836
802
811
873
870
801
827
889
805
834
908
891
912
803
871
885
903
907
876
929
981
813
892
947
808
881
914
916
927
860
853
828
984
901
965
863
968
879
833
972
974
823
905
973
942
849
945
869
896
831
910
998
979
862
959
838
868
924
926
817
999
894
994
930
990
958
887
938
875
851
928
906
920
890
865
936
886
953
837
800
832
829
877
993
923
858
948
935
819
852
825
954
848
962
989
878
840
985
931
821
975
909
893
992
843
913
856
980
970
986
882
949
943
847
960
963
841
818
824
967
911
951
918
816
859
842
857
932
835
921
944
826
809
917
961
919
656
603
655
645
721
756
679
799
659
668
788
734
702
699
617
653
758
780
729
680
737
716
658
612
791
650
726
695
689
713
646
766
789
745
654
648
798
727
601
750
677
643
752
687
626
636
735
628
627
634
611
779
667
641
605
688
747
773
609
620
644
742
639
638
711
763
630
795
719
669
740
690
722
712
637
782
606
731
600
781
723
770
613
772
717
602
744
678
783
710
786
642
705
608
618
697
706
759
662
728
784
794
615
704
694
720
604
624
693
633
610
661
775
652
631
792
632
663
619
732
675
714
683
790
761
671
755
753
616
607
682
614
738
698
684
673
629
787
649
681
686
736
746
621
724
718
692
771
767
725
749
647
708
651
666
715
625
701
774
760
748
797
520
466
505
486
467
458
516
519
469
498
464
427
414
592
423
573
428
454
550
483
546
523
538
403
536
524
419
407
457
472
554
566
567
459
584
540
578
503
583
597
488
553
415
470
480
542
512
424
453
497
433
435
473
541
489
534
408
495
484
438
496
475
556
440
434
492
443
586
561
532
545
450
446
565
518
543
432
448
430
506
549
580
563
557
425
444
431
559
465
468
552
510
491
527
555
577
487
412
456
479
449
515
400
581
474
508
591
441
528
590
504
499
594
485
548
513
426
533
478
569
493
589
521
404
477
476
517
535
582
539
531
418
571
411
562
570
596
564
585
461
529
599
420
422
525
558
511
522
452
514
455
551
462
537
437
417
405
482
494
593
429
595
288
269
359
274
245
200
239
330
368
226
349
332
360
259
203
276
373
351
214
294
345
372
228
277
388
253
323
382
224
249
230
383
303
313
397
297
231
367
209
222
393
255
225
279
362
291
307
254
314
354
341
358
262
379
223
241
278
342
343
312
267
302
293
271
212
371
247
234
306
216
384
202
311
335
227
284
328
324
392
264
218
221
287
282
289
386
395
292
210
385
348
213
207
326
365
252
322
300
318
257
220
217
336
261
338
258
317
211
275
281
270
295
364
215
375
319
321
298
316
361
301
355
398
273
205
286
285
260
374
242
243
363
378
265
250
366
299
399
356
396
246
219
237
344
208
391
387
357
309
352
280
232
256
340
204
248
353
283
290
240
310
346
175
140
19
158
35
125
82
84
105
79
27
198
114
92
94
121
97
146
177
116
60
28
20
40
167
55
136
132
7
130
47
187
119
67
89
194
95
139
179
109
113
44
2
5
154
8
173
72
145
128
64
75
174
87
199
26
134
39
172
133
48
93
147
103
6
18
170
196
141
148
176
159
143
29
62
54
78
83
49
100
91
9
108
191
22
171
169
181
112
144
115
76
150
11
184
117
152
107
10
190
73
3
151
178
42
52
23
168
142
61
21
135
66
56
15
80
88
106
102
33
193
188
110
34
90
31
160
156
50
59
36
46
14
164
4
1
13
45
74
137
17
163
186
71
161
126
101
131
195
41
96
53
149
25
166
182
16
180
192
162
183
63
