1096
1152
1079
1157
1183
1134
1027
1099
1049
1129
1001
1057
1194
1188
1175
1047
1138
1084
861
902
885
913
939
864
836
970
956
842
981
984
948
961
872
895
824
959
630
696
621
698
728
753
686
609
666
738
622
739
694
616
681
613
607
638
465
456
520
583
589
599
553
576
474
594
522
494
492
430
593
554
473
415
243
390
346
388
347
228
233
359
262
396
251
201
208
337
364
237
393
277
68
2
63
159
5
14
32
51
8
157
41
17
173
100
119
127
115
9
1135
1052
1117
1025
1116
1061
1060
1018
1101
1085
1091
1041
1143
1131
1098
1036
1105
1123
1148
1040
847
839
982
860
848
960
935
930
884
967
969
958
829
977
906
868
949
845
900
915
639
773
672
788
658
646
731
797
710
603
691
700
637
651
640
663
611
629
770
677
579
511
477
572
587
436
441
449
402
408
559
538
508
578
431
560
437
591
525
584
219
202
371
344
345
205
397
206
301
245
350
229
395
323
326
392
357
316
284
271
34
77
177
96
108
76
142
156
145
182
13
91
175
23
105
118
192
42
25
50
1015
1038
1137
1182
1039
1185
1056
1021
1055
1063
1160
1151
1172
1178
1100
1144
1153
1150
1130
1029
1051
1007
1127
1195
1118
1020
1104
1146
1169
1011
1068
1000
1012
1009
1042
1037
1132
1168
1125
1088
1103
1122
1023
1166
1081
1045
1010
1016
1184
1048
1044
1076
1070
1180
1102
1112
1124
1064
1126
1075
1186
1059
1069
1115
1073
1008
1156
1050
1034
1067
1154
1139
1191
1046
1159
1174
1071
1176
1120
1089
1192
1161
1026
1031
1149
1097
1003
1080
1164
1002
1019
1030
1136
1072
1035
1163
1141
1198
1189
1133
1181
1109
1093
1119
1114
1004
1108
1090
1094
1165
1006
1095
1171
1177
1058
1197
1054
1170
1193
1086
1190
1111
1028
1187
1087
1077
1173
1106
1110
1121
1196
1017
1179
1083
1082
1005
1066
1167
1158
1024
1199
1145
1142
1033
1162
1043
1107
1062
1032
1065
1155
1074
1147
1014
1022
1140
1013
1092
1113
1128
1053
1078
871
896
910
952
925
865
971
886
844
905
879
834
862
914
920
904
962
894
901
809
803
899
955
822
975
840
980
818
889
943
968
951
953
846
867
997
898
814
821
880
934
887
893
964
912
950
926
936
897
923
835
903
963
802
882
995
954
855
853
957
931
974
832
917
831
922
863
891
843
808
989
992
807
870
965
815
812
820
940
983
800
909
924
973
907
890
816
921
966
876
826
946
916
878
866
994
856
823
937
976
986
938
987
988
979
944
858
908
918
806
874
813
804
999
985
869
911
888
833
990
978
859
825
919
877
932
850
854
883
837
857
933
947
996
928
881
841
998
838
817
993
852
810
801
819
851
929
991
892
972
945
828
941
830
827
811
873
849
805
875
927
942
674
716
750
707
724
740
798
763
732
671
684
781
766
675
779
610
703
649
664
676
713
721
785
795
662
653
756
647
652
743
749
746
706
634
661
778
792
752
759
709
715
685
784
723
697
608
654
643
767
659
690
780
600
760
708
704
733
725
765
657
720
776
695
683
606
799
768
665
748
734
641
635
796
717
687
625
604
612
644
660
678
719
702
645
615
761
777
624
736
783
742
667
692
648
669
789
618
714
602
620
633
790
794
786
680
701
682
705
718
642
628
670
668
741
758
729
623
793
791
693
617
650
730
699
626
787
679
771
764
601
737
711
636
745
688
712
619
751
722
726
614
656
775
631
755
689
605
757
747
754
655
762
774
673
782
769
627
632
727
744
735
772
487
556
471
505
414
490
537
527
586
540
435
580
403
515
564
562
422
432
502
498
443
507
546
577
545
463
462
543
592
424
597
412
598
596
551
531
426
514
497
485
555
529
453
574
446
433
528
451
457
566
552
571
541
544
405
483
425
542
444
486
406
513
454
539
411
521
482
567
517
563
534
413
557
450
489
438
445
407
581
501
496
427
448
416
565
535
548
484
569
452
500
429
549
506
570
519
504
470
428
547
442
536
509
458
532
573
491
582
523
476
516
472
588
575
475
493
561
478
469
480
568
409
466
512
503
420
461
423
417
530
558
418
585
479
447
533
410
495
459
499
439
400
488
404
401
440
467
595
481
468
434
526
524
590
518
460
419
421
550
464
455
510
356
318
385
306
209
226
325
380
304
340
298
375
218
252
273
269
258
353
391
330
309
322
373
272
274
235
315
222
266
296
263
338
368
253
281
363
223
239
212
300
254
311
280
355
204
203
248
362
238
210
225
278
366
327
386
286
378
377
270
265
285
314
372
288
332
360
329
302
232
379
331
260
299
242
268
292
259
328
384
211
365
321
317
279
240
370
351
291
319
389
320
282
283
264
387
224
369
341
335
376
383
275
250
221
349
256
381
352
200
247
220
394
249
297
246
398
289
308
293
374
236
257
312
334
382
333
231
287
261
303
255
217
399
215
294
295
276
310
213
307
348
227
342
358
234
241
361
305
230
244
354
267
324
343
336
214
313
207
339
216
367
290
18
111
134
164
3
185
45
72
58
158
97
176
197
87
191
46
139
66
189
112
24
124
27
36
150
88
147
98
160
6
155
190
57
184
151
37
122
93
137
48
94
21
82
30
154
102
47
174
194
59
10
188
84
168
161
70
79
85
67
26
126
49
116
162
123
193
107
183
16
106
95
4
71
163
133
1
113
170
73
198
181
65
86
125
62
114
80
74
15
20
153
43
29
22
167
146
187
99
0
149
138
40
166
101
56
178
83
7
148
60
104
169
39
140
171
165
81
199
61
53
11
55
64
135
110
196
12
19
117
52
92
136
131
180
31
89
28
130
172
186
179
103
75
128
78
129
38
120
35
132
141
144
69
109
143
54
195
33
90
121
44
152
