1022
1051
1085
1009
1129
1050
1043
1142
1014
1091
1123
1196
1148
1194
1121
1132
1102
1127
846
822
893
960
841
807
965
838
821
921
994
999
891
950
870
937
914
929
786
793
674
742
769
791
707
714
690
649
680
753
616
642
697
763
678
733
550
449
417
412
474
545
577
405
488
541
444
418
422
413
453
406
450
475
341
227
396
377
297
278
356
205
292
203
255
376
234
347
385
290
329
208
184
156
199
198
69
150
4
194
77
81
102
70
33
97
119
58
122
133
1005
1068
1173
1104
1189
1032
1185
1122
1152
1057
1018
1166
1042
1178
1175
1183
1019
1093
1147
1015
930
843
810
806
944
946
975
919
924
918
861
831
957
951
805
962
990
909
868
969
758
627
708
637
709
653
611
779
685
773
641
602
622
675
788
656
647
795
739
601
506
402
599
514
507
467
425
489
596
579
415
534
592
510
434
404
436
401
492
533
340
296
383
338
288
359
217
387
287
327
311
215
299
370
321
293
277
252
276
318
185
153
145
131
6
40
8
160
182
140
120
30
96
47
62
13
124
85
100
107
1065
1180
1125
1066
1024
1052
1092
1109
1158
1106
1157
1056
1162
1172
1077
1008
1167
1084
1117
1062
1006
1139
1134
1113
1135
1184
1097
1029
1120
1143
1186
1159
1076
1044
1069
1177
1012
1002
1058
1110
1089
1165
1146
1045
1016
1141
1176
1128
1031
1155
1026
1007
1190
1049
1082
1107
1119
1017
1053
1094
1151
1081
1191
1101
1124
1112
1038
1188
1021
1130
1192
1193
1073
1090
1034
1060
1171
1010
1116
1011
1030
1111
1080
1163
1195
1025
1061
1153
1144
1168
1041
1126
1059
1198
1150
1179
1074
1027
1013
1078
1079
1037
1114
1033
1137
1182
1174
1160
1036
1181
1039
1197
1086
1103
1170
1098
1100
1035
1133
1028
1055
1187
1072
1004
1048
1054
1020
1096
1088
1070
1001
1149
1095
1108
1115
1138
1000
1075
1156
1047
1099
1046
1071
1154
1063
1118
1199
1040
1003
1140
1131
1136
1064
1145
1023
1164
1161
1087
1105
1067
1169
1083
812
943
801
911
860
927
992
972
932
985
855
899
852
933
917
824
894
904
903
912
977
820
888
936
938
978
827
942
844
853
833
941
984
945
830
928
922
811
948
958
871
971
926
986
913
826
920
967
980
808
955
900
800
829
976
982
814
902
837
887
925
823
993
996
879
947
886
813
851
956
898
862
981
835
935
988
885
987
867
858
952
983
910
973
850
817
995
869
954
989
966
873
916
934
881
856
880
974
961
825
931
818
877
991
802
872
839
968
923
915
907
998
949
963
878
939
866
908
884
882
840
959
970
906
863
848
890
896
834
864
897
953
804
847
905
857
997
940
889
876
865
854
874
859
828
892
845
803
901
819
895
849
883
979
842
836
815
816
964
875
809
832
609
768
731
728
677
699
770
614
735
694
799
787
784
797
741
645
723
683
628
736
600
790
746
762
718
660
668
664
632
702
693
619
751
765
621
798
640
624
644
755
724
750
745
737
734
607
692
743
669
618
720
610
760
605
744
789
652
782
772
603
727
655
630
658
667
701
663
749
775
689
738
606
704
687
777
688
732
710
771
620
615
623
679
671
722
759
672
766
698
639
711
634
747
794
661
756
636
613
681
796
629
646
635
792
703
654
696
682
608
657
740
705
684
633
716
631
686
695
670
764
776
774
700
643
604
780
666
706
748
752
662
617
726
625
659
665
729
651
626
673
757
725
691
778
712
717
719
767
715
648
781
785
650
612
721
754
761
730
676
638
713
783
431
580
416
503
473
454
480
496
531
469
553
432
537
487
440
540
470
472
588
598
525
546
462
495
476
455
584
515
490
419
565
463
568
560
451
445
438
481
411
573
555
517
484
494
446
421
527
410
505
576
583
426
414
587
509
572
448
569
552
456
594
547
524
591
554
498
483
460
582
578
526
593
512
478
447
457
595
502
574
465
442
423
429
458
528
551
567
430
518
479
466
548
424
485
420
521
586
566
477
542
407
530
570
452
403
532
400
536
491
433
564
562
493
559
435
557
516
437
581
497
544
443
439
585
511
508
486
513
529
500
571
441
522
504
589
461
539
563
459
590
556
427
519
558
408
543
499
471
428
464
523
561
482
409
575
468
538
520
597
535
501
549
211
397
257
238
336
388
267
351
379
344
337
285
250
342
395
399
334
378
224
201
241
310
225
319
298
232
330
398
364
263
261
348
308
358
264
282
354
309
207
258
373
302
316
343
243
218
231
212
262
357
260
371
235
295
325
381
393
382
246
307
220
367
202
253
374
312
251
248
254
333
216
331
266
363
226
286
272
223
372
275
304
279
265
242
281
320
332
222
349
391
259
256
303
219
221
214
233
268
228
237
206
209
200
326
301
324
328
289
323
291
339
283
389
365
355
244
386
300
239
362
249
273
392
317
270
269
284
390
353
368
315
366
230
229
350
271
345
360
240
369
322
361
247
204
394
245
384
335
314
236
294
306
210
375
352
280
313
213
274
346
305
380
36
177
132
92
41
26
170
90
22
98
175
130
51
94
82
162
161
29
35
89
72
157
91
165
20
45
115
138
67
155
76
151
80
134
114
121
32
65
193
158
59
187
31
109
79
197
61
167
55
135
44
172
171
37
166
3
49
56
7
128
164
39
148
154
71
18
52
0
16
12
180
178
152
38
110
2
142
149
141
73
19
103
27
188
53
146
176
144
74
117
147
111
88
10
106
190
66
75
169
57
93
113
143
5
118
191
127
139
1
11
83
86
23
9
123
24
46
168
189
68
14
163
136
15
21
54
17
64
50
63
137
28
195
105
95
174
78
173
34
112
192
186
99
196
126
179
108
25
43
159
84
42
60
183
125
181
129
87
48
104
116
101
