1079
1085
1192
1057
1018
1134
1186
1059
1045
1069
1042
1039
1104
1068
1058
1108
1092
1180
983
949
908
953
871
890
892
985
978
843
909
852
925
902
880
808
893
861
691
745
722
695
689
631
777
626
658
792
618
725
755
668
743
617
685
710
459
454
558
559
502
495
411
462
512
541
569
571
444
528
573
439
595
497
332
263
219
354
363
338
374
271
203
266
396
379
346
244
280
310
373
377
192
176
180
57
17
16
55
177
51
43
93
36
22
83
140
106
133
78
1053
1004
1138
1000
1160
1102
1091
1055
1153
1078
1015
1143
1154
1054
1156
1097
1118
1060
1130
1149
811
961
845
979
872
986
830
982
803
822
993
904
991
809
907
836
895
992
903
916
667
781
702
610
756
797
677
751
773
679
771
765
615
789
786
706
742
690
764
605
466
540
427
422
451
435
516
561
585
531
408
598
524
539
536
472
452
428
448
521
257
299
364
215
273
251
230
259
317
265
228
334
322
275
212
309
330
398
284
385
90
88
167
169
194
69
109
13
75
191
32
127
92
108
129
30
178
158
117
186
1016
1089
1044
1107
1148
1084
1003
1106
1163
1025
1049
1120
1080
1046
1033
1094
1178
1041
1157
1194
1017
1127
1023
1043
1132
1112
1020
1002
1109
1024
1061
1048
1173
1051
1063
1007
1176
1101
1133
1171
1117
1006
1075
1144
1100
1098
1062
1152
1099
1082
1065
1198
1145
1137
1026
1009
1012
1140
1032
1031
1188
1161
1179
1116
1131
1167
1066
1115
1030
1072
1034
1128
1073
1184
1090
1047
1071
1174
1070
1123
1001
1139
1164
1175
1177
1040
1114
1122
1028
1190
1103
1146
1193
1105
1013
1183
1014
1141
1019
1038
1124
1111
1050
1185
1158
1005
1197
1168
1159
1135
1022
1056
1008
1189
1035
1187
1110
1162
1182
1147
1181
1170
1125
1166
1074
1199
1081
1151
1067
1136
1121
1083
1169
1088
1142
1096
1036
1029
1064
1129
1165
1150
1195
1087
1052
1021
1037
1119
1155
1011
1172
1027
1113
1191
1093
1076
1077
1010
1095
1196
1086
1126
918
921
971
959
831
834
810
901
934
968
847
946
920
863
855
862
865
882
913
898
879
954
931
967
804
877
885
929
896
850
854
844
841
849
856
933
952
955
988
926
888
857
977
883
905
917
832
884
851
996
886
942
820
835
965
944
969
853
998
814
878
990
870
840
801
866
818
997
848
823
932
950
914
828
956
937
860
875
874
869
962
827
846
975
812
894
958
899
939
806
951
984
868
839
923
976
817
981
805
825
970
891
821
938
935
964
928
859
837
960
873
987
919
966
974
941
963
900
989
813
999
889
864
940
994
800
802
906
829
936
819
867
911
995
922
945
910
915
948
887
824
807
972
924
816
957
912
876
930
943
842
858
833
897
947
980
927
815
838
973
826
881
746
662
619
735
654
714
713
707
733
692
671
670
624
768
639
728
730
648
649
716
678
676
657
635
785
747
759
640
637
636
790
632
721
607
705
724
650
744
719
608
787
620
718
672
660
614
783
712
659
794
708
633
674
738
709
766
629
696
732
758
688
601
643
653
600
651
711
641
684
656
762
770
779
769
731
748
645
621
698
753
782
697
784
613
798
760
729
700
669
686
761
642
602
793
727
694
630
788
661
680
606
757
675
754
638
723
604
663
736
647
666
673
726
772
628
627
775
699
603
799
715
763
622
717
655
741
623
687
749
634
693
625
740
701
611
682
767
795
644
774
739
750
665
683
616
752
778
734
664
681
609
704
720
703
612
776
737
791
780
796
646
652
403
417
420
553
413
563
424
579
547
400
498
588
496
467
542
560
548
564
477
485
525
593
537
464
556
465
557
580
401
507
418
431
599
442
432
545
406
487
554
509
410
478
434
494
414
463
441
460
532
517
456
430
590
490
549
473
483
440
591
546
562
552
479
587
491
594
407
484
520
582
450
576
529
501
476
534
538
482
475
458
492
597
551
567
568
515
504
488
518
446
412
433
530
581
429
566
543
586
589
469
474
575
500
565
508
471
425
455
419
415
436
533
544
535
505
486
470
457
461
416
570
449
572
480
437
550
506
555
426
453
513
522
447
514
423
489
493
443
574
578
499
404
596
468
445
519
583
421
402
409
523
511
527
481
584
405
510
526
503
592
577
438
358
274
345
245
283
340
243
314
369
339
218
327
281
278
232
226
306
359
206
391
382
384
370
250
311
282
395
235
268
222
372
269
209
204
256
312
252
270
368
336
253
337
316
202
329
324
357
242
297
383
304
214
333
210
393
286
318
201
277
315
227
362
200
249
293
355
260
211
301
323
267
254
313
349
221
291
216
344
308
390
365
380
348
352
207
381
376
394
289
388
386
229
231
307
285
319
258
241
361
325
287
246
272
296
331
347
255
240
320
298
248
326
233
392
295
237
236
343
397
378
321
356
213
353
366
350
247
303
360
292
223
300
239
238
328
261
288
375
294
234
341
351
389
335
208
302
225
205
262
342
305
387
371
279
217
367
264
220
224
290
276
399
94
171
123
14
118
172
173
107
73
65
50
26
97
53
114
105
104
15
188
62
183
46
24
91
142
77
84
21
99
182
197
131
179
150
70
148
64
159
10
189
48
139
151
58
23
2
175
168
98
122
124
137
47
136
126
33
154
199
128
80
138
87
193
6
25
130
18
85
121
8
60
20
38
44
4
103
184
102
3
110
157
67
63
39
116
101
100
49
174
196
68
146
113
190
19
56
7
1
27
59
187
42
147
111
0
34
119
161
164
79
96
66
37
149
74
162
41
5
28
120
76
45
86
132
141
145
40
9
11
152
71
170
82
153
12
165
144
156
61
95
135
54
52
115
195
160
163
181
31
81
112
143
72
198
185
166
125
29
134
155
35
89
