1099
1176
1050
1172
1019
1111
1158
1053
1156
1136
1024
1034
1010
1014
1097
1018
1079
1152
846
949
825
900
817
944
819
808
986
946
904
878
866
893
988
952
833
987
688
658
678
721
799
655
756
680
707
788
778
620
601
613
749
668
665
777
524
506
526
552
583
400
446
445
472
510
577
525
461
566
563
585
433
476
341
238
204
265
278
275
290
387
219
239
306
333
237
359
373
374
276
304
68
58
118
167
95
139
26
96
50
194
37
47
153
2
81
154
112
161
1007
1105
1093
1030
1110
1112
1042
1052
1073
1123
1071
1048
1106
1102
1188
1083
1009
1021
1114
1145
969
801
831
933
849
814
991
975
932
874
902
854
989
925
835
827
953
921
898
978
796
750
661
616
630
645
650
789
604
632
682
681
753
775
764
618
624
610
660
772
495
468
578
518
502
597
556
442
490
401
488
505
529
536
449
579
528
458
420
504
249
390
299
357
397
330
394
228
368
393
281
365
381
376
375
288
377
241
200
339
105
100
177
30
174
144
66
151
40
51
124
141
12
132
107
97
155
103
44
195
1170
1129
1020
1133
1189
1159
1074
1195
1011
1056
1041
1181
1068
1000
1006
1046
1001
1139
1080
1055
1028
1148
1016
1122
1089
1035
1117
1174
1124
1039
1101
1113
1027
1183
1132
1025
1037
1199
1107
1023
1022
1178
1013
1065
1103
1029
1155
1175
1143
1069
1130
1128
1190
1154
1163
1076
1038
1005
1004
1108
1120
1196
1077
1086
1194
1149
1167
1064
1058
1040
1146
1033
1104
1179
1081
1165
1118
1078
1002
1177
1115
1036
1094
1119
1157
1100
1140
1169
1043
1162
1049
1066
1168
1087
1012
1134
1017
1008
1185
1015
1125
1063
1032
1171
1084
1075
1137
1061
1182
1045
1153
1142
1060
1187
1144
1192
1164
1085
1166
1044
1161
1135
1193
1126
1131
1147
1150
1082
1095
1026
1180
1088
1197
1184
1057
1160
1127
1121
1198
1054
1067
1091
1072
1059
1096
1109
1090
1138
1098
1141
1116
1047
1070
1051
1003
1173
1092
1151
1062
1031
1186
1191
839
963
830
983
931
897
894
984
936
958
957
964
845
974
951
899
959
997
990
934
924
993
842
909
941
853
838
829
918
823
873
818
868
887
928
812
847
877
804
875
915
859
976
811
880
834
906
855
905
980
848
979
998
912
850
911
914
802
966
862
820
954
992
947
841
971
942
903
840
890
895
901
995
876
917
881
888
810
816
968
891
857
970
813
865
960
806
815
807
896
892
939
935
930
994
937
967
916
864
972
955
913
950
940
824
882
973
851
981
800
826
945
867
919
961
965
836
856
886
982
863
871
852
920
822
962
929
907
948
923
985
908
844
885
803
805
872
883
843
926
832
879
821
996
956
999
837
861
943
828
927
977
922
889
860
884
858
809
910
938
869
870
609
746
685
705
713
785
790
636
798
657
666
634
737
748
648
692
605
701
643
771
684
625
739
628
717
715
693
723
734
677
619
795
611
780
651
626
639
633
695
719
607
797
612
767
762
687
675
779
694
683
758
708
760
673
642
774
662
638
603
699
653
759
706
726
647
617
704
761
621
654
622
623
663
722
741
776
786
729
769
676
711
641
770
768
697
712
646
679
765
733
787
727
794
614
615
782
757
606
728
740
791
736
732
689
659
672
792
640
644
725
724
629
783
784
781
793
743
637
735
766
696
702
631
714
744
667
730
716
686
635
763
664
738
656
703
608
720
747
718
671
690
709
600
652
674
752
754
751
731
691
742
773
700
710
649
698
627
745
602
670
755
669
562
496
486
564
554
441
404
438
561
571
581
594
429
513
507
436
425
405
537
598
588
480
411
523
558
428
415
519
448
473
413
539
582
426
530
589
432
501
410
424
555
559
576
546
467
443
542
574
500
599
423
440
557
419
474
568
551
538
596
545
481
416
487
478
408
549
471
484
527
418
494
417
592
421
516
444
454
587
479
533
498
544
553
590
492
470
431
548
451
430
584
412
447
455
427
550
439
469
435
593
422
541
511
456
512
570
575
402
573
406
460
437
515
540
475
453
434
497
543
586
521
407
452
457
569
531
483
591
520
403
499
580
450
560
517
535
465
462
485
514
508
409
459
491
466
532
489
534
509
414
503
547
464
572
595
567
477
493
522
463
565
482
292
324
247
391
325
350
395
351
315
338
240
386
220
267
213
243
335
211
344
263
285
302
261
364
334
379
356
326
257
235
215
210
332
323
269
318
362
331
383
284
209
380
327
303
236
305
310
255
378
291
361
311
254
242
317
268
231
258
296
312
322
293
347
392
229
320
274
346
370
298
216
343
289
280
233
253
230
218
294
232
319
297
260
266
295
308
223
313
345
256
286
272
283
337
270
301
205
321
234
388
352
336
206
329
246
353
222
355
349
328
225
372
342
384
251
348
399
221
382
385
244
354
309
300
316
217
396
248
389
398
369
252
259
262
250
273
203
314
227
358
207
212
201
371
367
226
307
202
264
245
271
363
366
224
287
208
282
340
279
214
277
360
146
150
179
72
19
102
106
160
3
130
69
82
4
54
22
33
87
170
38
164
98
196
156
190
24
70
59
6
163
137
199
65
158
49
108
133
16
182
17
36
197
116
120
28
41
135
147
143
57
142
63
145
39
55
77
192
191
126
78
73
79
15
166
123
67
125
173
9
61
117
18
86
136
109
27
23
111
157
104
90
169
181
45
14
114
84
42
184
101
10
88
176
128
76
13
187
7
74
25
35
168
89
172
159
43
186
29
21
178
122
1
185
115
75
165
85
62
48
171
93
138
31
149
52
94
110
193
140
180
92
127
113
121
198
20
53
5
60
32
189
83
175
34
129
11
99
0
152
183
64
119
71
80
131
46
56
134
91
162
188
148
8
