1107
1025
1075
1198
1195
1064
1040
1037
1065
1185
1079
1120
1000
1043
1005
1073
1149
1041
866
844
926
933
946
848
895
954
989
951
833
847
846
804
838
924
982
883
696
771
623
774
707
740
784
667
742
683
643
764
716
718
722
794
768
759
514
491
564
406
407
472
583
541
550
492
473
567
568
522
430
553
518
481
380
213
283
293
391
398
339
296
219
316
325
220
236
281
313
306
385
373
34
63
81
30
2
66
194
116
8
56
187
183
88
48
156
141
83
82
1074
1103
1062
1093
1187
1020
1033
1052
1157
1113
1141
1039
1022
1100
1050
1081
1051
1090
1016
1063
930
892
985
877
972
956
918
893
880
817
800
852
841
976
809
979
997
939
802
938
613
628
763
699
693
705
635
746
626
603
606
697
680
719
637
787
761
727
769
701
534
579
431
460
480
415
413
457
403
591
426
588
504
446
419
435
505
448
542
421
243
235
273
260
319
290
289
396
301
277
272
378
340
357
248
317
377
356
331
246
115
90
61
131
127
120
171
191
58
164
135
109
5
151
55
150
80
192
43
19
1119
1126
1174
1030
1169
1156
1146
1059
1182
1087
1155
1004
1148
1110
1070
1166
1088
1023
1191
1008
1009
1186
1071
1027
1137
1029
1017
1197
1105
1046
1162
1006
1047
1007
1080
1139
1172
1092
1042
1021
1031
1108
1068
1101
1078
1183
1193
1002
1044
1116
1106
1171
1129
1056
1117
1163
1168
1184
1096
1196
1177
1167
1086
1024
1035
1153
1058
1179
1152
1019
1045
1054
1061
1003
1036
1145
1123
1135
1136
1188
1190
1176
1125
1015
1131
1115
1049
1001
1194
1055
1138
1180
1121
1164
1028
1089
1161
1128
1048
1189
1102
1098
1057
1178
1150
1170
1066
1013
1034
1097
1069
1133
1038
1158
1010
1026
1060
1159
1124
1032
1122
1140
1130
1072
1165
1104
1014
1084
1082
1134
1147
1144
1114
1094
1091
1154
1143
1085
1175
1199
1160
1053
1132
1012
1127
1011
1118
1109
1112
1083
1018
1077
1099
1076
1111
1151
1142
1173
1192
1181
1067
1095
864
977
968
959
830
983
860
858
845
819
905
863
870
992
925
837
934
958
851
826
986
999
916
862
937
969
988
849
810
928
854
867
963
879
865
994
889
981
808
899
940
920
987
813
827
980
960
878
872
885
950
898
909
962
936
952
996
942
973
855
957
906
815
998
801
832
912
897
947
919
923
861
888
921
869
961
984
953
831
814
990
995
811
910
993
822
896
825
904
834
823
966
882
873
824
871
853
876
887
821
850
932
944
922
840
917
812
945
949
836
842
931
891
803
806
856
991
894
964
978
911
929
828
857
820
955
859
843
948
874
890
915
943
908
974
903
900
875
935
971
901
967
941
886
914
884
818
913
975
965
970
816
868
829
927
881
835
902
807
805
907
839
749
620
685
798
724
715
602
738
617
786
660
634
669
670
677
745
672
750
758
752
684
678
656
622
713
645
694
799
657
695
737
618
765
777
633
610
609
729
700
714
706
792
636
682
649
652
710
631
721
712
698
751
730
640
773
666
688
630
665
687
762
607
754
703
679
624
723
748
647
681
782
788
709
632
760
732
733
601
796
743
648
720
653
629
744
664
757
704
781
736
766
728
791
770
642
755
686
650
772
780
778
611
779
790
654
734
662
756
690
785
676
615
711
621
604
708
644
646
776
627
689
608
795
793
747
638
753
614
639
600
668
741
651
625
659
661
673
691
797
725
658
717
619
783
789
641
726
692
616
671
702
735
655
731
663
775
605
767
739
612
674
675
574
587
432
556
599
512
437
590
433
441
570
573
408
496
565
531
543
589
425
552
452
593
536
487
582
453
598
592
405
517
485
557
575
511
501
423
429
539
523
475
578
577
526
477
533
561
527
440
547
402
503
466
497
417
416
521
507
529
447
515
495
572
436
490
580
483
500
422
443
571
508
438
488
581
513
451
559
449
520
562
595
411
525
470
442
409
548
498
478
418
459
546
427
468
400
528
530
434
414
493
424
463
584
404
563
585
465
454
444
458
519
516
545
401
410
474
482
489
469
549
566
597
596
439
532
502
445
484
586
558
594
560
540
510
544
456
476
499
569
538
554
461
462
455
428
486
471
509
479
464
467
412
420
524
450
576
551
506
555
494
537
535
267
387
351
223
312
352
256
225
261
364
214
300
369
345
221
349
346
389
315
342
338
383
258
204
354
363
245
388
379
262
311
336
280
365
207
224
399
360
240
395
249
210
382
337
231
327
253
320
259
335
252
324
361
366
392
318
299
251
212
229
217
264
268
309
323
344
355
397
247
350
230
310
200
358
287
216
329
222
274
276
359
372
211
347
275
254
242
307
263
271
284
209
353
341
233
203
308
370
257
302
278
266
250
255
390
367
239
218
234
298
381
393
362
330
333
368
292
304
269
270
375
384
238
348
282
303
202
297
291
208
334
232
328
228
226
265
295
205
294
343
286
322
244
285
241
237
215
394
288
227
201
321
374
326
376
332
206
279
371
386
314
305
28
182
17
13
1
23
148
128
104
117
122
98
107
84
67
144
172
16
54
157
47
64
92
57
188
163
45
110
52
42
175
160
112
173
129
73
124
169
125
70
20
24
86
190
174
18
94
95
178
162
7
65
25
22
140
62
100
79
89
161
74
113
186
199
11
0
99
195
152
149
75
170
123
40
4
77
103
181
72
33
143
32
146
71
121
21
185
177
91
105
12
118
111
51
6
193
189
145
130
176
106
44
36
38
154
96
197
167
87
35
165
166
27
14
147
46
29
15
142
41
60
132
134
3
78
133
59
102
153
97
10
53
39
37
49
155
139
76
9
93
26
69
158
180
196
31
179
159
108
101
136
119
114
85
126
68
198
137
184
50
138
168
