1075
1026
1193
1133
1163
1160
1192
1084
1089
1129
1069
1041
1011
1189
1012
1111
1054
1125
913
827
817
974
856
940
825
977
872
857
983
808
950
994
868
955
966
804
637
600
733
612
791
793
688
764
748
744
741
660
763
749
623
648
712
659
435
464
444
455
458
459
457
498
570
599
548
432
550
450
502
466
529
468
253
262
340
369
384
332
351
212
328
202
337
393
282
390
398
397
259
322
113
130
152
134
60
166
129
190
101
128
180
4
1
189
103
105
0
41
1003
1042
1037
1137
1187
1043
1107
1063
1044
1199
1195
1040
1046
1128
1021
1004
1150
1164
1149
1100
969
929
907
881
991
867
986
915
962
842
841
923
847
930
909
862
903
886
945
876
713
752
719
652
658
755
789
767
667
794
673
785
677
649
768
742
728
647
750
797
409
474
525
514
538
462
576
452
559
513
471
584
496
427
487
574
561
489
438
571
372
230
279
220
243
358
399
382
360
217
323
249
286
338
356
326
277
239
310
335
135
75
34
46
115
138
95
107
98
177
120
57
150
51
136
187
94
16
91
122
1032
1007
1151
1031
1105
1109
1099
1001
1048
1194
1139
1132
1118
1079
1029
1124
1072
1196
1131
1025
1038
1141
1135
1176
1152
1188
1080
1066
1191
1057
1130
1013
1051
1030
1005
1126
1168
1091
1103
1027
1090
1174
1017
1140
1122
1190
1033
1175
1106
1102
1167
1068
1022
1015
1165
1154
1170
1127
1134
1052
1157
1097
1186
1056
1098
1036
1104
1171
1008
1049
1198
1158
1108
1101
1070
1147
1185
1155
1018
1143
1166
1045
1172
1094
1142
1169
1179
1116
1002
1117
1055
1178
1144
1162
1065
1153
1023
1053
1197
1159
1145
1173
1078
1059
1076
1136
1061
1148
1181
1138
1088
1096
1035
1016
1120
1182
1093
1115
1064
1110
1000
1146
1119
1085
1019
1034
1121
1180
1092
1062
1028
1020
1058
1113
1083
1087
1081
1010
1050
1006
1047
1184
1073
1071
1161
1177
1086
1024
1067
1074
1114
1123
1082
1060
1156
1014
1112
1183
1039
1009
1077
1095
803
884
905
802
885
943
933
839
879
801
813
926
939
851
880
921
864
882
936
920
840
996
845
819
853
806
963
816
865
961
989
818
972
875
820
941
887
899
998
938
844
956
883
873
935
993
814
975
911
890
848
831
832
957
937
895
968
824
979
978
835
917
965
959
924
809
850
874
954
925
821
908
810
967
902
859
837
970
980
976
934
999
919
854
826
912
849
888
852
811
891
906
892
833
893
990
815
800
836
984
995
916
981
931
843
898
823
928
953
896
987
964
869
982
910
830
805
952
918
960
914
870
901
958
927
866
942
855
904
822
846
829
973
894
838
949
807
858
947
971
897
951
948
834
812
860
946
992
889
944
900
828
878
985
871
932
988
922
863
861
997
877
676
731
653
684
654
646
716
678
674
696
779
747
615
630
701
693
680
641
694
737
708
724
679
746
761
743
602
640
650
663
670
662
698
625
715
691
703
631
616
784
782
601
769
619
639
709
753
618
745
776
655
629
726
603
714
626
727
621
635
665
672
739
762
772
682
610
704
780
675
604
699
796
622
722
687
671
644
786
773
721
609
656
751
778
710
720
634
638
765
792
681
774
783
624
683
718
730
613
799
790
700
692
668
754
620
770
606
729
611
633
689
735
607
695
795
766
636
643
717
661
756
781
617
788
697
628
666
798
775
669
734
738
685
608
777
707
705
642
732
614
645
740
736
758
725
757
664
632
702
787
711
723
760
759
627
690
605
651
771
686
657
706
434
411
585
410
440
433
516
478
558
439
447
590
404
430
537
485
491
500
413
587
418
415
425
445
480
424
530
473
572
573
508
463
539
566
412
588
554
407
454
506
540
492
510
591
568
562
503
556
583
551
596
437
461
426
448
579
534
472
497
569
499
400
528
403
408
589
523
509
493
451
406
560
593
475
549
401
422
483
546
543
414
524
581
597
507
592
517
467
519
536
522
429
482
476
477
470
565
578
532
580
557
488
417
533
595
436
490
567
553
494
521
501
544
481
582
402
598
449
594
504
423
577
495
446
484
515
512
419
564
441
405
421
531
428
552
575
465
527
460
511
563
555
469
443
479
542
456
541
486
518
520
535
526
416
505
431
442
586
547
545
420
453
292
206
255
246
295
301
242
209
345
229
268
290
385
339
252
303
256
270
226
327
296
227
331
238
366
294
234
267
392
289
284
300
210
329
387
349
374
223
283
278
309
271
214
285
330
261
298
361
341
221
370
316
355
321
254
250
348
233
258
319
307
376
352
228
281
346
224
244
215
334
324
353
315
272
386
208
204
218
320
274
354
325
299
237
287
308
314
318
357
201
380
293
302
312
347
371
395
211
269
222
276
305
260
241
264
381
313
362
344
216
377
280
363
365
317
297
288
391
367
350
245
240
375
207
205
336
251
394
231
291
304
273
306
248
368
311
213
263
379
235
383
333
247
378
225
203
232
257
359
200
343
266
219
364
373
342
396
265
275
389
388
236
86
179
196
142
84
20
137
181
186
23
73
14
191
13
119
184
182
132
172
118
163
140
157
69
27
144
58
162
61
3
80
43
171
30
2
147
97
31
64
87
199
117
151
123
170
114
195
164
102
52
175
6
63
109
96
83
56
192
40
156
37
82
124
153
174
126
71
100
35
111
8
108
9
168
125
38
78
127
194
11
155
55
70
76
53
12
28
62
197
67
193
90
7
93
36
169
47
160
18
59
92
10
106
24
154
44
183
17
19
81
39
15
65
167
104
99
121
32
26
161
21
49
68
85
141
66
165
131
72
29
139
176
45
50
22
77
159
158
33
133
48
42
5
88
178
188
110
143
145
54
198
148
149
112
185
173
25
79
89
116
146
74
