1124
1113
1001
1105
1064
1011
1093
1027
1030
1179
1078
1012
1136
1178
1007
1119
1112
1017
901
996
803
966
965
835
956
993
897
967
817
856
974
868
972
800
851
845
601
680
650
664
655
665
791
736
749
644
627
752
773
790
634
624
600
639
477
573
435
487
480
489
568
455
427
481
502
500
594
579
499
423
531
514
296
374
355
204
243
236
268
323
321
300
328
208
282
365
363
223
291
226
77
150
66
198
109
172
107
159
60
125
164
46
178
23
70
194
101
135
1180
1117
1040
1023
1024
1155
1076
1148
1134
1043
1018
1058
1086
1019
1073
1100
1147
1032
1190
1174
928
861
911
931
899
879
804
909
961
970
819
987
877
806
952
932
975
937
820
889
620
737
735
701
771
693
798
725
751
716
625
721
780
726
632
729
738
640
677
758
429
555
494
475
467
558
463
479
409
411
523
456
419
472
534
521
410
446
491
488
334
257
340
386
238
258
348
349
214
276
341
326
288
317
308
278
310
217
394
352
188
111
152
81
80
182
45
195
86
108
137
0
143
156
173
126
25
1
96
47
1091
1094
1140
1169
1138
1097
1164
1053
1033
1045
1098
1142
1130
1196
1003
1077
1145
1009
1016
1103
1042
1198
1052
1061
1175
1014
1108
1038
1031
1114
1036
1102
1063
1037
1022
1135
1163
1128
1143
1181
1080
1013
1184
1041
1048
1062
1015
1158
1129
1168
1120
1133
1109
1122
1161
1008
1057
1085
1106
1089
1173
1069
1101
1002
1095
1039
1054
1096
1189
1028
1123
1170
1067
1154
1144
1107
1182
1071
1055
1151
1192
1111
1171
1191
1056
1188
1051
1159
1046
1104
1183
1162
1118
1092
1088
1176
1044
1152
1010
1081
1006
1131
1072
1160
1065
1084
1021
1186
1110
1050
1068
1090
1157
1172
1121
1087
1139
1066
1079
1153
1187
1146
1199
1137
1165
1150
1070
1126
1099
1034
1020
1116
1082
1132
1005
1004
1075
1141
1125
1185
1049
1177
1026
1166
1127
1194
1025
1083
1195
1156
1047
1197
1060
1193
1000
1074
1035
1059
1167
1115
1029
1149
980
871
882
973
855
977
935
916
968
872
947
840
926
954
919
850
995
948
828
824
876
843
857
890
878
864
898
842
801
978
863
827
865
905
907
915
941
813
921
929
814
981
847
815
910
830
946
852
834
994
991
923
971
900
938
958
859
990
836
869
979
860
997
893
914
831
862
874
822
892
964
924
998
883
821
984
944
816
886
875
825
963
949
884
955
930
959
917
945
895
904
839
943
867
854
908
887
939
934
802
920
912
848
969
951
810
838
809
960
826
903
942
894
866
873
837
906
885
829
940
849
823
846
922
957
844
918
891
999
902
880
841
953
985
870
881
925
913
888
818
927
983
833
986
976
807
989
832
853
988
992
896
950
936
808
805
933
811
982
812
858
962
770
743
612
667
717
705
785
607
658
695
645
792
610
689
653
723
621
762
709
700
648
683
697
699
767
782
772
608
711
674
671
718
706
794
783
629
786
651
654
676
733
673
787
776
696
682
641
616
631
756
710
719
789
781
690
732
727
704
686
722
662
728
784
754
605
669
724
622
679
623
744
713
626
652
731
666
660
638
779
715
775
793
687
750
796
614
763
769
668
684
799
642
740
741
663
678
734
619
646
647
691
730
755
703
672
615
636
603
649
764
602
777
656
774
688
746
604
747
657
681
630
637
692
606
659
766
712
685
698
633
739
742
720
759
761
661
768
795
708
670
617
635
753
707
760
797
765
778
618
788
628
714
745
609
613
643
611
702
757
675
748
694
503
535
592
578
441
559
590
405
482
468
440
548
412
403
571
406
454
589
595
493
505
424
563
565
417
470
561
596
586
486
401
442
508
540
551
506
546
556
495
593
484
530
581
408
414
515
519
512
501
492
418
599
528
485
584
457
448
402
426
536
520
415
436
554
437
507
416
591
580
443
469
483
400
449
407
529
574
431
544
474
438
524
478
450
434
562
425
432
413
445
458
566
476
576
549
464
542
433
461
527
510
509
422
517
570
513
567
564
553
560
420
430
545
569
453
598
421
533
439
497
537
587
490
585
428
577
588
444
550
451
522
525
452
511
543
582
466
575
518
465
532
404
516
547
471
496
459
583
447
504
538
526
597
552
541
557
539
460
572
462
498
473
246
376
309
260
281
297
353
252
284
273
269
202
329
396
216
227
354
203
201
372
235
254
233
399
244
275
210
218
370
371
378
298
344
209
299
266
205
358
369
360
250
253
391
361
277
315
389
322
346
249
398
395
241
392
325
289
356
327
302
271
375
338
240
312
229
345
206
388
367
221
318
331
219
292
342
294
313
336
357
231
220
248
259
245
290
387
215
343
385
239
224
390
232
262
379
311
213
335
234
251
383
316
265
293
381
319
359
200
303
305
362
261
380
225
320
280
222
287
295
207
304
274
247
332
230
347
263
272
264
237
324
397
382
330
377
301
366
270
242
267
393
285
255
286
337
283
384
307
256
306
351
212
333
368
228
211
373
279
314
364
350
339
142
144
120
14
67
3
84
48
192
89
56
6
9
157
93
4
163
102
141
145
104
63
128
72
147
197
171
191
124
115
149
44
177
26
11
160
140
65
18
7
121
76
12
133
78
57
136
64
43
58
5
99
176
187
31
71
37
132
110
10
130
189
88
36
30
90
162
193
15
112
127
170
95
49
167
40
39
74
94
75
73
68
20
166
123
32
184
62
98
179
97
129
161
174
69
27
116
122
21
33
190
180
165
52
138
16
92
55
186
54
113
131
155
153
8
83
35
79
106
51
146
91
61
119
181
158
59
82
85
183
105
196
148
175
139
118
2
185
17
34
87
29
50
28
53
38
100
103
134
41
154
199
19
22
151
13
114
42
169
117
24
168
