1092
1185
1027
1178
1104
1103
1113
1196
1031
1012
1050
1037
1159
1188
1184
1073
1109
1128
945
892
809
997
958
935
979
911
905
965
884
879
818
896
999
849
944
983
670
716
634
604
680
772
715
655
738
797
662
741
605
638
785
616
709
640
434
470
575
480
448
465
415
541
402
437
546
496
530
481
561
588
421
591
241
370
319
338
334
321
325
339
346
273
238
218
352
204
225
297
227
328
15
23
1
62
11
45
192
52
93
107
29
20
151
65
14
2
28
194
1070
1158
1046
1077
1010
1085
1068
1097
1028
1141
1125
1108
1081
1095
1172
1088
1041
1002
1177
1165
989
946
837
969
915
939
923
976
981
883
953
803
960
877
982
842
821
951
972
897
606
674
650
774
664
784
762
796
710
690
673
707
610
763
698
703
693
625
614
601
523
490
562
570
414
463
489
550
529
506
515
568
497
592
487
544
498
439
472
521
314
371
386
234
374
219
381
276
232
333
203
398
299
351
291
256
258
353
239
300
19
81
95
187
18
53
179
97
104
80
75
149
61
138
106
103
119
186
162
133
1150
1020
1023
1083
1152
1029
1191
1096
1187
1078
1075
1098
1124
1034
1071
1127
1008
1151
1164
1131
1180
1036
1015
1174
1094
1011
1090
1194
1153
1167
1055
1117
1033
1144
1025
1000
1155
1121
1157
1170
1163
1118
1140
1189
1079
1066
1175
1186
1143
1154
1101
1093
1044
1130
1122
1145
1021
1051
1054
1053
1171
1134
1062
1076
1119
1173
1087
1112
1007
1099
1069
1169
1107
1049
1017
1193
1084
1142
1176
1137
1006
1042
1061
1162
1179
1160
1129
1024
1198
1072
1086
1009
1045
1197
1149
1063
1091
1057
1161
1102
1022
1067
1026
1105
1136
1168
1080
1004
1195
1059
1030
1056
1003
1139
1035
1183
1111
1132
1074
1018
1133
1148
1138
1005
1058
1199
1120
1089
1114
1126
1032
1065
1115
1064
1166
1013
1019
1040
1116
1181
1052
1192
1147
1190
1082
1100
1001
1135
1016
1106
1014
1047
1156
1043
1048
1060
1123
1039
1182
1038
1110
1146
913
932
962
952
933
865
844
822
813
887
919
851
855
880
908
841
871
817
874
931
996
903
843
815
955
942
830
867
948
990
920
949
847
881
810
863
812
890
875
995
937
988
918
814
907
893
902
927
917
959
998
901
926
916
857
834
862
967
912
828
984
823
941
850
835
806
977
861
957
906
816
832
852
860
971
966
856
800
904
840
848
968
970
827
829
872
804
870
869
921
888
876
845
864
808
929
928
858
992
811
985
839
807
886
974
866
833
914
895
899
878
885
956
859
943
910
846
961
900
987
889
964
824
993
986
882
891
994
975
838
978
963
936
825
820
950
947
868
826
954
930
831
836
854
973
922
898
801
938
980
819
894
934
909
873
940
925
853
805
924
802
991
687
696
607
719
666
736
798
781
765
683
789
786
766
740
678
697
663
790
695
791
636
642
749
669
649
682
645
602
758
613
714
694
700
639
745
652
681
794
753
600
623
603
651
787
618
728
737
777
675
727
751
611
692
769
799
660
793
667
708
632
773
771
721
699
775
629
635
761
679
686
750
743
621
792
729
739
609
731
656
677
778
654
668
717
726
747
795
647
724
653
776
768
657
644
718
620
627
788
671
612
783
615
759
619
734
617
706
658
633
752
712
757
730
688
755
767
746
689
701
779
756
760
646
691
764
733
770
624
672
748
648
641
705
622
661
702
782
628
725
643
684
780
732
608
626
723
630
742
722
754
676
685
713
637
631
711
744
735
704
659
720
665
558
445
572
564
442
482
486
409
599
491
422
474
452
477
585
495
475
447
501
459
556
537
412
508
455
548
454
499
565
583
527
580
590
456
543
493
512
431
430
426
552
581
555
464
466
540
582
538
586
584
566
509
517
449
424
484
554
547
557
516
443
524
598
542
401
479
504
569
574
531
418
468
420
451
462
413
525
457
453
587
406
505
483
518
502
469
485
417
435
400
545
440
551
444
536
500
511
507
476
471
535
404
450
579
520
532
438
571
503
549
519
597
460
427
410
533
578
428
560
539
433
576
513
596
446
589
522
473
593
411
429
408
553
567
526
514
559
461
419
407
492
436
405
595
458
528
488
441
573
478
403
494
432
563
577
423
467
510
425
534
416
594
298
391
372
326
390
214
235
340
323
379
250
389
359
382
361
357
210
318
266
316
282
246
308
262
330
292
336
320
215
286
212
362
236
205
311
208
207
224
274
347
392
248
280
277
335
388
337
377
228
342
358
252
288
375
223
263
294
363
217
355
356
265
254
209
307
306
251
278
395
249
253
312
385
272
261
305
295
384
268
287
354
304
279
285
270
350
393
317
202
275
237
244
230
364
296
201
269
231
345
302
397
264
383
222
290
324
387
367
341
343
240
348
242
394
378
283
344
211
310
331
329
200
213
245
220
247
365
396
289
260
259
380
243
313
255
257
267
284
281
293
315
301
216
349
332
376
368
327
271
233
369
366
373
206
360
303
221
322
226
309
399
229
155
66
24
198
164
159
92
166
8
16
185
100
17
115
89
199
121
144
147
184
135
87
48
157
170
49
25
120
189
112
146
141
5
132
102
158
0
44
13
68
71
74
26
139
174
191
72
79
98
177
116
131
84
150
43
42
59
101
105
40
88
7
127
12
31
37
154
176
38
137
142
64
136
197
54
67
122
78
47
161
178
183
117
110
63
126
56
167
128
4
160
27
180
114
36
193
156
134
3
129
39
83
173
130
195
91
32
85
41
60
30
140
163
175
109
77
9
21
181
168
55
73
86
90
22
50
165
58
6
123
51
111
182
108
118
125
190
34
94
188
169
152
113
69
196
172
82
171
153
35
96
70
33
57
145
10
143
46
124
76
99
148
