1047
1190
1044
1012
1077
1004
1065
1052
1146
1007
1066
1178
1143
1045
1075
1089
1074
1137
926
881
908
963
803
961
890
991
994
913
931
880
923
802
875
827
983
814
654
691
613
746
711
726
705
697
771
621
683
787
797
619
742
668
672
792
474
423
440
516
541
530
479
425
463
447
519
437
404
492
561
421
531
466
201
395
207
352
248
270
350
371
372
253
272
292
338
256
381
222
206
216
171
5
4
13
45
11
90
197
102
88
92
106
116
190
2
107
135
160
1140
1039
1129
1104
1197
1013
1171
1042
1016
1073
1120
1119
1022
1194
1062
1154
1162
1011
1179
1093
932
868
834
838
996
971
955
907
909
916
922
946
853
844
990
915
979
998
948
894
747
612
715
748
712
784
609
646
653
781
707
799
618
676
635
689
783
702
690
785
486
551
494
517
401
410
500
571
523
461
469
522
454
489
528
588
472
430
459
580
251
217
204
238
377
398
236
351
339
374
294
296
237
262
211
325
330
387
209
293
196
191
133
105
128
27
185
1
65
176
83
173
82
186
136
111
103
79
58
8
1014
1184
1026
1009
1088
1128
1080
1102
1148
1070
1167
1067
1125
1036
1174
1172
1079
1085
1019
1186
1055
1024
1100
1038
1082
1115
1191
1116
1152
1136
1058
1031
1015
1069
1041
1005
1165
1064
1156
1111
1028
1139
1105
1053
1087
1098
1002
1029
1018
1155
1161
1185
1173
1103
1147
1181
1121
1183
1144
1199
1056
1189
1086
1063
1168
1145
1048
1117
1091
1059
1095
1175
1170
1003
1027
1193
1169
1134
1133
1097
1020
1049
1182
1092
1030
1032
1025
1083
1060
1057
1061
1141
1180
1177
1198
1187
1017
1160
1084
1138
1107
1008
1132
1114
1081
1124
1033
1127
1034
1126
1106
1040
1046
1131
1150
1090
1166
1050
1037
1149
1122
1159
1109
1176
1099
1001
1118
1112
1076
1023
1110
1071
1192
1113
1101
1123
1078
1010
1151
1043
1035
1072
1130
1195
1158
1006
1054
1021
1153
1068
1196
1094
1051
1108
1142
1188
1135
1163
1096
1000
1157
1164
885
973
830
809
845
866
999
800
898
832
854
900
989
816
945
980
950
924
855
862
930
837
957
997
984
817
864
810
828
936
825
860
897
871
848
918
872
949
992
805
938
812
976
849
940
822
958
893
878
985
896
937
801
978
981
974
826
941
847
856
956
876
903
891
921
823
811
920
970
993
833
836
972
987
835
884
887
905
873
882
852
874
804
982
960
995
910
843
867
925
815
911
965
846
899
861
869
824
842
829
929
968
883
986
839
947
966
901
912
917
808
806
859
889
818
886
959
858
964
944
928
975
870
951
969
879
831
840
988
902
863
841
935
934
977
943
904
813
927
914
895
892
819
939
952
807
821
933
962
857
877
865
919
967
953
820
954
851
888
850
906
942
703
756
648
640
757
626
758
754
671
644
650
752
620
669
776
759
706
713
655
623
788
798
688
682
611
786
714
633
753
658
675
731
795
662
741
666
700
645
722
622
721
710
724
681
632
779
614
770
678
637
796
730
677
634
773
663
684
647
605
768
761
624
778
673
602
736
704
601
739
767
774
686
755
709
661
772
606
642
735
782
631
769
718
667
616
723
740
657
630
660
760
607
698
651
794
610
696
751
763
738
665
639
716
727
729
627
600
789
636
617
656
629
737
765
692
674
701
762
641
615
717
603
659
744
745
687
728
680
764
766
604
643
708
793
733
699
750
725
780
734
664
791
719
625
652
732
790
693
777
685
679
670
749
649
743
628
608
720
694
638
695
775
585
535
562
555
420
581
506
590
499
496
411
507
477
457
534
452
462
558
545
416
521
547
594
482
526
538
487
533
412
586
436
443
578
408
566
563
546
413
576
554
520
557
560
501
574
455
434
448
542
426
583
568
429
490
559
565
537
514
442
415
432
471
460
598
417
525
509
481
536
589
445
475
439
556
504
470
549
433
513
427
409
515
540
552
422
488
491
441
569
544
402
498
543
473
572
483
400
512
468
418
527
403
539
510
493
529
577
599
458
449
567
524
595
548
405
476
431
407
406
582
592
508
424
446
495
435
438
450
465
456
478
575
550
480
484
587
464
467
505
579
532
419
414
444
502
518
428
593
451
553
511
584
591
564
503
485
570
573
597
497
596
453
320
305
394
378
328
283
278
360
287
232
265
247
356
288
246
239
257
282
259
205
392
382
349
276
348
335
274
235
367
284
250
390
337
312
316
223
322
218
241
279
370
227
203
310
229
244
245
308
212
334
361
271
362
221
225
393
280
266
327
243
242
230
329
373
289
313
318
311
252
385
254
213
297
277
261
249
389
228
397
388
380
281
200
224
353
208
342
314
359
298
331
255
383
332
399
379
384
326
231
309
396
267
268
323
226
365
220
219
347
340
354
375
303
302
358
233
286
307
264
346
376
210
368
290
333
366
275
341
364
258
295
285
317
234
315
324
319
336
273
215
269
291
260
369
355
363
386
345
263
306
304
299
357
343
300
321
301
214
240
202
391
344
174
74
113
49
120
151
59
50
184
31
25
40
167
139
89
150
16
192
0
154
100
112
10
29
7
193
34
39
35
125
95
81
20
42
145
123
159
178
124
130
177
64
153
37
142
63
28
118
198
137
179
52
54
141
104
44
131
3
18
98
33
161
22
19
134
199
15
56
71
62
9
26
127
41
117
36
126
122
75
194
157
187
121
115
110
108
97
93
80
76
138
85
67
147
51
12
77
60
68
94
181
158
155
91
86
166
140
129
69
114
87
163
148
189
164
195
170
101
66
38
61
183
96
146
156
14
47
168
23
165
48
53
132
175
70
188
43
73
152
57
46
32
119
169
144
55
24
99
149
109
180
172
84
143
162
21
6
30
72
182
78
17
