1079
1002
1196
1170
1076
1101
1047
1136
1068
1198
1109
1050
1134
1172
1139
1137
1064
1110
903
905
961
890
946
873
958
943
915
874
954
910
859
838
917
975
835
919
699
610
786
764
769
712
616
608
677
666
788
718
749
777
796
755
767
791
463
495
518
529
562
464
473
467
577
428
488
478
444
425
490
420
548
442
200
321
297
243
288
268
260
394
283
251
218
255
317
229
370
252
376
245
161
135
46
33
62
194
121
39
63
71
180
111
197
139
190
101
126
144
1102
1159
1138
1091
1096
1029
1073
1122
1189
1160
1179
1086
1069
1146
1133
1195
1181
1099
1034
1120
978
901
932
911
959
921
868
950
980
924
989
963
884
965
898
994
969
817
941
995
768
651
747
776
615
691
765
614
601
744
743
674
730
794
629
705
655
611
736
658
437
410
496
535
567
597
524
553
531
586
550
522
449
596
575
477
580
470
406
416
221
374
372
377
305
336
273
318
210
311
286
362
279
364
378
235
274
253
385
332
178
48
116
51
84
96
26
88
169
181
167
138
123
177
133
151
146
40
76
100
1072
1081
1104
1115
1158
1048
1116
1089
1143
1132
1063
1055
1145
1070
1009
1035
1060
1021
1154
1044
1117
1032
1166
1142
1187
1184
1147
1176
1074
1111
1173
1057
1155
1193
1020
1056
1027
1025
1003
1008
1039
1107
1000
1175
1030
1098
1053
1131
1015
1163
1001
1093
1100
1028
1011
1094
1040
1042
1105
1026
1066
1059
1061
1168
1199
1128
1010
1124
1013
1033
1151
1012
1174
1148
1023
1180
1165
1112
1114
1113
1077
1083
1049
1164
1106
1016
1006
1182
1169
1103
1157
1080
1119
1095
1017
1171
1194
1140
1038
1130
1031
1075
1167
1092
1152
1126
1045
1127
1123
1197
1135
1062
1108
1141
1041
1007
1054
1036
1019
1150
1090
1024
1014
1129
1192
1043
1046
1087
1188
1162
1121
1037
1190
1084
1183
1118
1067
1052
1078
1178
1177
1005
1125
1065
1097
1161
1085
1149
1051
1156
1088
1071
1191
1082
1018
1004
1144
1186
1022
1153
1185
1058
952
986
925
871
844
846
810
834
891
845
928
811
927
933
830
938
818
805
937
977
856
918
806
947
808
981
923
942
985
972
971
863
990
897
816
908
881
843
823
931
883
934
866
889
809
888
869
894
895
839
886
993
803
974
878
953
887
970
865
992
880
850
852
906
840
976
851
930
936
801
988
960
827
893
862
841
829
826
904
842
870
998
813
957
819
944
848
973
991
802
824
831
872
982
912
951
861
902
847
967
955
877
857
907
914
979
876
860
855
968
920
800
885
935
962
825
896
964
853
984
987
926
875
814
900
864
997
807
849
909
929
983
867
833
948
913
949
812
882
940
996
815
854
821
828
804
899
832
892
820
939
966
879
922
945
999
836
837
916
822
858
956
689
678
724
753
632
657
661
733
682
750
640
783
772
625
721
792
740
606
758
778
701
634
707
739
779
650
656
685
644
631
637
617
659
735
602
756
603
679
600
663
635
729
683
700
621
672
620
626
681
785
623
762
709
728
795
761
797
725
715
654
723
653
694
706
774
790
748
609
618
607
638
619
766
789
775
680
643
737
676
708
624
647
782
645
751
713
604
698
731
693
688
669
675
642
696
745
695
780
784
702
664
716
692
697
627
734
726
628
648
773
798
719
670
667
742
732
646
717
684
703
720
665
763
770
722
613
690
612
752
799
660
686
711
662
787
673
781
738
630
605
727
652
668
649
710
754
714
760
639
622
759
633
771
704
641
687
793
757
746
671
636
741
418
507
452
472
499
561
483
476
598
599
542
594
405
505
589
539
469
456
412
484
443
445
528
519
461
555
436
486
481
466
408
498
492
438
506
479
441
424
584
569
510
447
545
421
566
534
415
546
587
591
558
439
471
494
541
468
502
465
593
503
525
404
475
458
578
521
532
523
422
460
536
547
413
592
511
533
400
579
526
544
549
565
571
516
552
433
570
508
582
431
411
540
426
527
585
401
453
559
480
537
515
556
543
485
430
489
583
560
514
446
417
487
474
429
590
504
512
448
538
434
581
451
403
595
482
493
435
517
457
574
432
459
423
530
573
509
497
588
419
462
427
491
568
407
576
501
414
402
500
409
454
450
557
564
520
551
513
554
455
563
572
440
337
207
381
399
338
331
324
248
388
312
289
301
395
236
322
263
354
359
215
261
353
347
250
329
264
280
303
314
392
330
335
315
355
387
309
352
285
230
244
379
276
282
202
294
278
228
356
265
257
267
224
222
302
333
237
393
217
270
391
291
293
241
262
220
349
320
249
233
292
340
204
254
214
212
343
307
368
327
380
232
348
326
396
284
325
211
201
269
367
363
313
360
275
375
299
398
357
277
203
304
373
295
306
219
256
369
383
258
346
341
239
227
382
328
205
216
281
300
298
366
334
226
240
344
310
358
384
371
238
351
272
287
350
290
308
319
386
242
234
231
259
323
247
271
209
365
266
225
339
361
296
246
342
345
223
206
316
389
208
213
390
397
195
109
81
112
104
198
93
10
174
77
131
56
179
25
87
22
162
27
193
34
150
67
42
155
68
143
192
102
82
91
189
36
148
160
80
14
94
153
158
166
157
171
44
115
5
128
172
49
164
145
72
125
1
52
199
21
90
38
64
114
136
18
103
12
59
11
165
0
45
108
120
184
183
124
83
175
147
32
35
134
176
152
16
19
99
37
92
127
9
70
182
186
43
154
3
156
8
132
79
2
188
6
118
98
110
24
185
142
163
129
140
85
95
78
69
58
106
137
173
86
159
113
196
31
50
23
17
28
57
168
54
47
65
191
61
107
53
141
105
13
149
29
89
170
20
130
55
41
117
7
75
66
187
4
74
15
73
60
97
30
119
122
