1047
1165
1162
1194
1021
1069
1031
1009
1119
1167
1196
1176
1191
1159
1003
1018
1066
1093
941
946
804
938
889
833
831
987
960
973
996
930
878
805
874
863
841
900
774
737
740
635
650
680
735
750
713
733
778
647
637
720
616
777
661
675
457
538
523
461
452
533
577
478
469
413
561
541
414
581
524
591
440
514
277
328
360
224
321
257
271
281
296
331
337
364
395
233
350
390
333
254
42
45
172
120
92
80
130
41
106
40
88
86
83
176
189
159
58
55
1160
1035
1172
1125
1113
1040
1169
1145
1163
1104
1041
1174
1083
1092
1140
1084
1121
1007
1015
1190
828
949
984
997
901
948
847
915
903
851
883
888
935
980
860
821
835
975
978
921
670
772
700
640
717
606
602
651
787
707
679
629
659
763
729
791
725
623
723
687
432
439
406
442
543
567
496
443
596
540
472
424
436
565
593
479
532
560
410
470
329
232
239
253
242
323
309
207
352
212
203
274
228
289
349
351
295
226
388
287
28
74
121
102
39
89
137
187
33
24
138
175
188
114
139
100
59
111
168
68
1077
1156
1030
1063
1143
1075
1139
1198
1151
1181
1094
1017
1132
1120
1068
1179
1123
1106
1045
1096
1135
1116
1109
1052
1147
1180
1110
1187
1028
1026
1067
1152
1014
1057
1112
1062
1141
1087
1144
1108
1127
1050
1019
1081
1042
1142
1038
1124
1046
1022
1072
1118
1053
1086
1154
1090
1171
1107
1122
1076
1085
1183
1158
1024
1005
1157
1164
1102
1136
1016
1023
1098
1002
1039
1166
1013
1061
1088
1170
1073
1071
1051
1099
1117
1193
1195
1192
1004
1032
1185
1186
1095
1059
1025
1138
1173
1168
1101
1074
1148
1105
1058
1134
1060
1008
1027
1126
1188
1175
1056
1049
1036
1065
1000
1114
1006
1130
1153
1189
1155
1080
1111
1044
1055
1178
1133
1150
1177
1128
1115
1100
1064
1012
1184
1082
1048
1054
1161
1089
1149
1131
1011
1070
1097
1001
1091
1020
1129
1034
1103
1199
1033
1010
1043
1182
1078
1029
1037
1197
1146
1079
1137
803
963
865
991
816
959
823
852
846
854
881
856
813
824
809
967
839
988
936
929
917
927
832
857
864
886
990
994
817
964
818
811
923
986
845
849
850
870
898
925
977
842
954
899
877
866
893
873
896
894
947
924
819
861
802
942
931
926
838
968
971
848
972
945
825
875
940
982
908
932
909
895
965
920
840
970
981
843
836
943
906
822
999
862
876
807
998
974
815
955
902
897
919
989
853
904
892
993
913
928
829
976
966
820
884
800
808
879
868
961
933
810
992
885
871
882
887
826
867
934
834
890
858
957
806
872
844
910
952
801
812
918
907
937
922
953
916
830
985
891
914
939
956
837
911
951
962
905
855
958
969
995
827
950
944
979
814
880
869
859
983
912
682
681
792
677
731
794
765
705
658
610
673
775
754
614
769
654
657
660
732
628
607
668
674
746
671
688
619
745
664
653
726
771
706
665
784
730
642
719
641
622
631
667
736
715
785
764
627
749
638
626
712
788
644
760
751
709
689
612
722
645
691
600
655
656
634
646
743
618
666
741
608
716
747
699
783
692
684
758
601
718
643
636
780
611
708
773
711
685
796
753
620
798
795
756
727
696
721
639
605
728
663
621
613
799
744
604
625
757
615
678
632
770
698
738
693
768
652
761
739
786
603
633
779
767
694
624
704
683
789
776
630
752
649
781
672
695
724
701
669
797
759
617
648
782
766
703
793
762
686
742
609
697
755
714
710
748
734
690
790
662
676
702
425
405
402
492
500
499
585
428
404
418
502
550
522
586
511
426
417
495
427
435
458
582
548
584
421
506
409
493
516
400
451
501
473
545
566
564
588
411
542
507
549
462
483
559
430
444
412
476
557
529
578
526
486
416
489
509
453
437
488
510
574
465
491
537
498
553
562
468
471
449
467
434
515
513
547
595
477
555
598
512
519
531
544
497
463
464
490
575
503
518
580
446
407
554
485
534
571
474
530
599
589
521
504
403
535
576
433
441
450
520
481
482
525
455
590
456
484
420
570
459
572
401
558
556
536
460
475
527
422
423
594
419
466
448
563
592
517
429
569
431
505
539
587
445
583
552
508
597
408
494
546
573
447
551
438
415
454
579
487
568
528
480
292
347
205
338
396
248
392
201
343
372
393
303
362
354
285
380
308
340
284
209
339
355
370
301
377
359
283
273
367
353
391
275
214
361
389
210
268
358
269
213
262
330
310
246
307
399
255
378
215
334
263
394
294
385
244
384
235
344
320
311
238
259
288
327
256
231
219
234
375
236
324
297
260
345
279
382
280
245
341
317
216
243
202
318
276
290
319
250
306
356
325
397
237
249
312
398
335
218
204
369
227
272
291
220
221
379
264
298
211
315
316
302
200
381
241
374
305
342
266
363
371
332
282
383
240
366
293
251
300
357
223
230
270
252
267
368
222
265
348
336
387
225
286
322
261
326
247
313
278
258
365
299
206
314
386
217
346
229
208
304
373
376
110
154
104
129
48
22
13
136
97
70
49
128
66
184
181
30
11
7
142
29
197
123
99
52
153
12
140
8
151
186
95
14
119
144
192
135
165
71
164
179
23
78
190
116
54
170
193
148
143
82
63
31
167
194
20
91
10
117
73
60
84
147
166
27
19
44
134
149
5
36
43
26
156
1
37
113
93
163
152
94
18
77
162
133
109
4
34
72
150
180
85
196
155
146
50
16
101
61
51
35
98
87
198
65
178
141
173
183
118
6
158
169
2
67
191
126
145
79
185
132
105
177
64
53
103
125
160
32
3
131
90
17
115
107
171
0
157
96
15
195
199
124
122
108
112
21
47
56
9
57
69
161
127
62
46
76
174
182
38
25
81
75
