1135
1104
1072
1127
1077
1170
1140
1190
1028
1092
1171
1087
1193
1058
1062
1026
1197
1119
824
962
993
919
889
826
948
863
972
862
898
823
960
985
828
954
805
999
608
714
625
779
666
661
701
736
668
731
641
796
729
658
746
761
626
679
494
566
438
427
532
462
423
480
429
504
495
405
535
411
519
452
502
516
361
225
310
314
299
287
336
281
220
266
259
308
305
216
273
396
280
321
14
53
76
59
16
65
11
86
63
72
119
181
44
31
81
85
88
74
1078
1176
1068
1194
1009
1156
1157
1059
1152
1161
1038
1147
1027
1047
1180
1158
1133
1050
1132
1080
811
901
994
957
800
831
971
808
853
973
806
942
859
809
924
941
894
932
922
891
751
650
782
621
628
759
642
798
771
652
770
711
662
655
689
635
685
667
659
717
598
594
475
491
517
536
467
584
539
471
585
583
451
422
506
593
570
496
543
404
272
301
315
319
295
229
237
215
278
356
210
242
381
202
348
245
334
265
353
399
118
82
195
92
36
138
99
157
167
21
158
154
61
9
46
150
199
67
47
116
1084
1064
1039
1139
1192
1002
1089
1175
1122
1163
1020
1130
1025
1048
1155
1113
1110
1041
1115
1145
1109
1016
1069
1148
1198
1165
1081
1124
1010
1149
1008
1014
1021
1024
1074
1053
1151
1102
1060
1005
1188
1178
1035
1063
1126
1107
1150
1108
1160
1173
1031
1036
1101
1143
1042
1086
1167
1129
1153
1091
1099
1123
1011
1100
1017
1003
1083
1096
1052
1090
1022
1046
1177
1131
1125
1015
1075
1159
1121
1071
1114
1097
1134
1018
1168
1162
1007
1019
1154
1142
1061
1045
1118
1006
1067
1174
1183
1076
1051
1037
1146
1166
1185
1181
1033
1030
1195
1004
1032
1000
1049
1172
1112
1095
1184
1120
1001
1187
1044
1117
1040
1186
1128
1023
1056
1105
1093
1138
1085
1106
1034
1088
1103
1057
1191
1098
1196
1013
1066
1043
1054
1182
1094
1136
1144
1179
1055
1189
1082
1141
1169
1012
1111
1073
1070
1029
1116
1065
1164
1199
1137
1079
838
951
963
830
825
857
956
989
881
979
936
977
850
921
832
866
813
807
849
860
916
895
955
935
984
893
907
810
980
846
818
890
937
804
882
914
834
892
964
990
903
940
983
991
841
905
968
896
843
888
911
997
930
870
967
998
982
867
949
917
803
995
851
829
897
996
923
884
854
959
944
913
926
880
812
992
987
855
820
835
938
885
872
887
906
883
981
918
816
840
931
899
929
974
961
845
864
927
875
876
801
852
965
958
910
868
861
915
925
969
939
945
833
837
952
856
946
869
874
844
822
953
871
970
943
842
988
978
819
900
933
865
928
909
858
902
950
920
848
839
912
947
886
815
821
976
827
975
879
814
817
966
847
802
904
908
873
877
934
986
878
836
750
767
651
707
777
766
648
784
774
704
799
646
681
713
660
619
789
737
756
725
797
730
724
705
745
682
633
744
620
631
686
645
781
687
657
702
617
758
613
688
785
693
795
600
674
741
664
755
673
670
723
786
637
690
695
780
748
665
649
618
752
708
671
624
773
728
719
706
794
672
683
740
726
615
607
636
602
709
762
703
605
676
775
622
760
629
722
753
793
772
747
677
656
727
632
710
630
601
788
783
684
765
792
614
739
678
639
763
712
699
718
790
694
715
696
680
663
640
732
606
644
647
754
721
778
734
604
735
716
791
700
787
720
611
743
757
616
691
692
609
627
638
697
776
698
733
768
654
643
669
749
738
742
653
634
769
675
603
612
610
764
623
465
477
563
470
555
513
446
599
591
524
578
448
413
596
521
553
530
439
580
518
564
508
417
579
534
478
574
441
473
432
414
457
551
558
476
512
424
577
425
445
592
544
443
531
419
549
545
458
420
460
515
501
498
449
450
440
408
481
560
409
588
447
416
433
595
485
561
503
489
436
412
527
581
572
548
454
556
499
550
587
461
573
492
401
421
557
444
529
428
528
507
435
590
568
469
575
442
459
509
559
565
464
472
479
538
418
463
554
505
434
586
569
514
426
576
410
406
510
526
456
403
533
437
497
567
486
466
482
430
589
487
547
493
455
541
525
400
415
484
500
474
562
402
511
488
542
407
453
537
571
520
597
540
582
490
552
546
468
523
522
431
483
384
228
203
352
304
376
290
311
388
391
303
390
235
261
291
382
387
244
213
331
320
212
345
260
335
205
326
232
354
394
397
286
322
337
270
383
363
248
240
347
360
307
239
234
284
224
372
367
306
277
317
395
302
274
204
330
351
209
253
329
300
359
346
366
276
262
342
227
323
263
258
392
223
386
369
341
247
318
279
289
252
328
233
393
264
221
313
271
211
324
275
358
389
296
340
226
207
249
269
312
362
316
298
325
268
218
283
297
201
368
375
288
236
217
339
377
231
349
256
398
238
374
230
254
357
309
206
344
214
327
338
378
255
285
385
241
343
371
282
293
208
243
292
257
379
355
246
365
222
219
380
332
294
267
350
333
370
250
200
373
364
251
38
129
192
176
58
94
95
83
164
60
70
5
104
122
13
113
180
2
98
87
69
49
193
149
147
12
103
110
174
198
4
105
153
50
141
137
177
166
159
33
84
134
48
190
97
124
68
196
77
102
143
188
178
163
127
71
130
148
52
75
168
64
186
185
93
133
140
165
100
194
106
126
66
136
26
80
107
125
51
101
32
27
79
152
142
197
7
43
10
8
162
135
112
73
173
169
28
117
160
24
182
121
90
89
156
132
183
184
161
96
172
108
25
41
29
91
151
109
17
56
155
19
34
187
20
1
23
35
189
42
179
123
78
145
191
146
55
3
128
139
39
22
30
40
171
45
120
144
18
114
54
0
131
170
15
175
37
62
115
6
111
57
