1127
1130
1158
1124
1016
1103
1077
1136
1097
1106
1104
1196
1128
1144
1038
1107
1152
1049
823
961
828
964
991
944
879
880
805
807
951
982
844
963
949
899
858
831
631
606
758
702
714
721
656
759
730
638
781
792
637
650
646
719
676
691
467
565
443
414
478
598
455
431
458
597
436
538
596
411
549
497
462
430
212
364
310
324
388
273
303
286
232
249
393
290
302
304
380
399
294
327
48
151
45
82
78
72
33
52
86
39
107
128
160
55
92
74
152
109
1159
1043
1072
1164
1042
1046
1141
1048
1004
1095
1113
1167
1056
1195
1184
1073
1054
1133
1051
1171
919
976
967
917
867
911
806
994
946
905
851
912
895
868
971
999
890
841
873
992
706
633
778
724
771
717
619
625
669
742
612
666
747
662
644
773
624
618
697
716
472
524
487
505
442
523
562
502
464
408
599
419
469
422
515
585
560
486
407
448
344
362
336
296
282
398
220
266
381
264
305
317
219
205
200
299
278
391
330
319
93
6
40
2
81
146
10
125
153
145
129
18
99
57
132
38
175
66
64
11
1068
1187
1090
1022
1034
1189
1096
1098
1146
1079
1023
1078
1005
1183
1108
1188
1071
1135
1086
1129
1192
1193
1094
1028
1140
1010
1122
1032
1179
1059
1137
1119
1198
1061
1162
1125
1197
1003
1070
1039
1111
1165
1091
1115
1085
1037
1123
1175
1006
1013
1182
1160
1138
1007
1117
1199
1161
1053
1036
1180
1142
1176
1084
1131
1082
1169
1069
1092
1035
1027
1011
1057
1121
1185
1030
1029
1155
1100
1024
1163
1083
1012
1149
1178
1087
1172
1132
1041
1170
1093
1126
1009
1174
1008
1033
1110
1002
1074
1148
1080
1062
1112
1067
1055
1066
1019
1089
1101
1145
1081
1052
1150
1064
1021
1181
1076
1166
1050
1153
1044
1025
1017
1031
1105
1047
1026
1088
1194
1058
1102
1134
1186
1060
1168
1190
1191
1154
1177
1099
1118
1151
1173
1014
1001
1120
1045
1116
1114
1020
1015
1139
1065
1040
1063
1000
1143
1156
1018
1109
1075
1157
1147
945
985
931
986
913
847
956
810
888
916
906
875
842
954
866
908
812
836
892
907
900
959
848
996
803
995
925
894
862
987
863
993
969
822
839
837
884
933
928
814
988
854
816
819
808
872
827
932
950
943
934
809
817
811
920
876
929
829
970
889
909
914
856
904
984
926
846
850
974
865
886
883
826
938
855
960
901
937
857
801
965
942
815
840
935
973
957
834
859
989
877
980
832
952
821
813
918
893
922
941
852
891
977
915
978
903
882
800
896
953
962
939
910
972
869
924
885
898
820
998
874
948
864
979
997
853
849
860
871
975
930
861
902
981
940
845
804
824
833
968
830
897
921
983
870
958
818
966
990
881
923
825
843
838
835
936
947
887
802
878
955
927
690
703
647
648
779
655
660
732
605
753
790
796
678
627
767
709
774
642
743
718
793
786
672
694
634
622
601
659
600
775
621
764
745
608
766
615
701
752
611
649
791
635
643
739
673
664
710
761
750
665
715
711
628
725
760
629
687
661
675
640
797
680
663
683
748
685
700
782
677
626
756
645
776
738
708
728
698
681
712
707
713
670
692
720
754
788
705
785
780
734
794
636
658
654
751
695
740
784
795
729
731
607
722
757
736
723
777
602
769
770
693
783
653
798
639
614
696
620
746
657
617
616
726
641
737
674
733
688
610
762
749
604
704
741
623
684
787
686
699
668
603
768
671
630
613
799
689
763
651
735
744
682
789
679
727
609
755
765
652
667
632
772
481
477
406
548
498
518
572
439
545
476
456
512
546
575
435
525
579
475
428
578
432
537
460
501
558
594
480
423
520
513
544
588
425
400
510
479
490
542
499
440
590
533
541
521
441
566
471
552
474
574
591
589
402
429
492
413
434
445
540
450
516
532
555
495
536
514
563
483
446
539
473
496
424
568
583
571
570
426
421
465
569
453
410
559
488
403
415
491
519
461
457
454
433
503
449
494
452
405
417
595
418
451
484
517
509
581
529
556
551
470
507
404
437
412
489
528
582
416
508
586
543
459
527
468
573
463
587
564
550
553
535
561
504
506
547
409
444
485
401
522
534
584
593
466
511
482
500
420
580
567
447
557
531
526
530
592
493
554
576
427
577
438
395
312
368
300
369
348
275
276
297
270
392
281
306
394
329
284
271
343
252
251
301
289
228
386
280
371
370
384
397
236
263
258
238
209
365
255
315
375
215
325
237
225
269
333
213
229
239
262
261
292
351
389
363
352
256
340
374
346
328
295
358
331
326
210
257
322
216
298
332
321
379
253
224
335
235
311
367
243
361
234
396
316
248
250
206
203
334
313
265
283
211
226
337
223
390
354
366
254
308
204
241
307
356
246
372
373
385
279
345
208
268
259
357
376
231
359
320
309
272
245
383
338
291
341
233
350
230
323
260
267
387
382
378
214
285
217
353
287
349
247
202
201
342
318
355
218
288
377
240
227
242
207
274
293
339
277
347
360
221
244
222
314
61
182
165
53
95
102
47
59
110
27
131
118
158
168
34
186
116
154
112
5
70
41
174
19
51
97
83
180
90
199
44
21
4
22
192
9
91
75
63
79
25
181
113
76
122
142
68
141
135
108
194
149
58
117
176
77
127
16
3
26
143
30
12
161
130
42
50
71
184
139
167
14
166
156
24
150
60
104
0
8
67
94
157
80
195
54
32
123
13
164
121
46
189
126
69
172
147
134
20
111
124
187
171
43
144
198
115
15
163
49
65
159
96
190
185
169
114
179
183
101
89
28
191
1
17
133
106
137
7
155
162
170
120
88
98
87
119
103
73
84
136
197
178
100
31
173
193
62
56
29
105
85
148
37
140
36
138
188
35
177
196
23
