1097
1191
1134
1037
1049
1041
1013
1026
1165
1070
1089
1149
1192
1190
1172
1004
1038
1021
963
974
885
911
890
881
868
964
820
857
842
946
883
810
905
850
895
851
633
745
646
769
615
748
778
755
788
698
791
603
728
602
730
653
706
630
425
479
459
580
466
416
559
463
496
503
551
534
508
471
572
411
401
512
275
330
397
276
290
359
244
363
245
279
288
251
305
246
307
201
378
280
152
39
28
123
191
41
83
2
92
112
174
134
98
96
145
82
42
93
1012
1068
1155
1076
1028
1094
1011
1174
1154
1031
1014
1078
1152
1006
1054
1093
1175
1137
1136
1127
936
837
934
898
932
945
876
920
993
975
977
866
976
970
912
823
996
889
869
971
661
606
611
773
756
742
610
777
782
765
640
657
720
774
761
617
616
626
699
678
433
522
420
542
591
409
538
556
402
532
493
514
472
540
491
456
419
488
469
498
352
262
337
292
266
353
238
289
398
239
374
376
318
226
325
347
242
335
257
213
146
108
178
188
94
25
159
40
9
4
13
89
103
64
45
115
37
171
74
38
1008
1121
1187
1113
1159
1198
1099
1018
1022
1124
1128
1132
1035
1081
1102
1015
1086
1087
1058
1107
1133
1184
1095
1036
1160
1146
1153
1090
1144
1047
1183
1000
1067
1167
1091
1140
1115
1161
1181
1119
1131
1116
1092
1088
1145
1180
1117
1046
1062
1059
1029
1122
1179
1112
1052
1016
1168
1040
1025
1157
1171
1082
1005
1163
1065
1001
1098
1182
1033
1104
1111
1195
1083
1103
1139
1188
1185
1162
1177
1050
1151
1189
1007
1064
1053
1043
1193
1096
1074
1142
1176
1024
1105
1071
1048
1126
1073
1075
1044
1072
1042
1030
1106
1166
1020
1186
1197
1066
1017
1114
1143
1141
1169
1147
1023
1173
1061
1148
1080
1150
1196
1057
1125
1019
1170
1109
1034
1069
1123
1002
1164
1056
1194
1118
1009
1045
1085
1129
1084
1110
1156
1077
1055
1138
1063
1003
1135
1039
1158
1032
1060
1120
1108
1027
1130
1199
1178
1100
1079
1101
1010
1051
806
803
827
887
947
802
908
951
807
884
867
949
852
930
819
915
856
818
967
848
804
835
948
875
849
903
879
910
860
982
953
821
812
874
901
855
929
873
836
960
991
969
994
817
986
922
888
992
865
943
882
957
846
861
871
830
814
983
987
811
828
988
826
966
822
892
847
980
956
801
926
927
917
886
961
808
896
973
968
937
933
872
984
972
815
944
809
959
844
989
862
935
925
832
841
891
938
913
909
955
834
880
854
950
990
800
931
916
942
979
870
877
907
859
958
839
863
878
897
940
833
924
914
824
893
923
919
831
843
921
906
962
954
939
952
965
845
902
838
900
918
985
813
981
825
999
995
997
829
899
941
928
858
998
853
816
904
805
840
978
894
864
642
717
697
696
647
671
713
644
636
623
684
667
792
749
758
714
681
731
763
711
704
637
679
771
783
776
743
744
747
766
677
764
658
796
741
703
736
659
718
739
669
648
726
604
631
746
668
702
634
605
715
662
722
784
772
654
732
632
635
705
670
727
688
673
612
734
729
789
609
754
752
656
779
767
693
737
655
740
689
733
735
664
725
627
760
716
794
601
691
787
793
625
600
620
614
775
701
757
708
750
619
762
618
624
719
665
753
649
700
790
675
663
692
795
799
683
768
641
613
695
628
710
621
660
672
687
686
650
770
707
785
780
798
685
751
674
723
694
712
638
629
690
682
645
721
797
651
738
676
607
608
652
709
643
781
680
622
724
759
666
786
639
448
567
584
593
583
468
477
564
467
519
492
565
485
530
523
592
442
426
594
511
513
422
464
548
573
541
408
413
587
421
558
562
497
547
403
417
569
543
440
484
533
480
473
579
404
444
432
450
537
504
476
412
553
495
597
429
575
520
486
445
525
427
577
571
410
494
428
443
546
437
451
455
400
501
586
458
447
536
544
406
570
461
529
524
527
552
557
554
500
487
462
588
566
506
478
441
582
590
595
481
515
423
453
414
555
499
474
535
585
516
430
581
415
517
596
431
460
528
576
578
598
482
454
518
568
574
439
502
424
589
550
521
435
560
407
507
434
446
483
470
539
561
531
465
526
545
549
475
490
438
457
509
418
505
436
405
449
452
563
510
489
599
364
373
203
267
234
212
385
256
224
286
282
370
281
380
208
339
377
394
375
309
334
217
312
211
300
264
227
381
219
200
367
255
342
393
204
284
348
324
209
304
230
362
366
263
247
254
241
340
205
306
252
355
351
308
285
258
341
243
383
210
297
233
215
369
315
389
250
216
382
321
386
296
319
338
240
360
218
268
323
236
293
396
229
223
379
225
345
322
350
391
371
202
387
248
273
314
274
361
316
301
302
287
271
333
313
228
354
265
357
232
261
270
303
331
388
237
328
277
207
291
384
214
344
311
317
249
368
235
272
390
365
310
295
372
221
294
298
356
392
231
220
358
278
395
222
399
336
326
259
253
206
349
327
269
299
329
346
332
283
320
260
343
55
102
135
153
95
124
167
85
198
32
1
22
144
130
181
126
46
166
185
6
156
12
36
125
62
26
175
157
63
132
184
100
43
186
158
160
193
161
76
117
61
52
141
169
75
14
65
111
120
107
139
48
51
162
182
23
194
5
47
109
16
138
133
20
163
148
154
33
147
71
10
196
78
150
136
114
129
170
106
90
81
30
44
18
69
86
164
54
131
84
183
49
80
0
77
190
142
127
72
34
66
104
168
149
21
88
101
192
57
7
15
53
179
60
172
151
27
189
140
58
122
116
56
155
195
24
197
143
70
19
50
165
11
110
177
137
99
176
199
79
35
119
105
91
128
118
31
3
73
113
8
187
68
29
97
67
17
87
180
59
173
121
