1057
1052
1146
1050
1019
1064
1140
1100
1059
1118
1034
1009
1097
1138
1055
1159
1056
1099
833
823
973
949
810
962
951
920
855
963
851
933
892
807
975
953
932
946
748
793
789
698
611
625
707
746
656
779
761
649
689
780
655
601
772
796
569
417
423
455
596
445
515
500
511
414
568
426
467
466
402
552
570
444
283
247
259
375
352
365
229
329
256
373
319
396
288
216
340
231
368
313
45
6
172
182
144
107
134
41
33
60
93
183
106
51
10
167
90
22
1195
1077
1041
1106
1194
1051
1026
1166
1180
1127
1065
1188
1119
1160
1165
1006
1147
1155
1083
1027
846
862
967
816
871
986
819
826
875
832
896
811
908
839
982
894
909
921
864
939
753
647
627
687
616
787
602
764
677
607
628
713
633
743
651
785
783
776
786
684
428
547
489
450
495
401
441
513
479
483
507
524
583
554
419
564
478
557
496
504
295
301
215
312
210
218
387
392
345
341
389
222
320
245
370
249
221
366
379
269
111
88
173
165
105
112
114
146
9
191
159
168
62
117
163
138
4
120
154
131
1149
1190
1185
1078
1070
1181
1095
1121
1043
1183
1053
1032
1152
1177
1028
1178
1061
1003
1037
1172
1128
1133
1086
1115
1092
1036
1142
1046
1062
1074
1054
1063
1143
1151
1004
1084
1017
1021
1173
1107
1199
1184
1189
1010
1122
1044
1014
1016
1023
1015
1096
1109
1137
1045
1025
1120
1164
1087
1116
1110
1144
1171
1012
1094
1040
1071
1157
1145
1018
1114
1089
1169
1075
1072
1150
1069
1076
1093
1091
1011
1168
1067
1117
1080
1111
1163
1007
1029
1125
1191
1186
1103
1179
1154
1153
1042
1060
1082
1113
1141
1167
1187
1193
1039
1156
1098
1013
1124
1022
1197
1105
1047
1176
1001
1104
1132
1002
1129
1031
1030
1101
1073
1170
1038
1135
1134
1024
1123
1049
1182
1068
1196
1088
1131
1033
1108
1192
1130
1102
1161
1020
1005
1136
1158
1081
1085
1126
1008
1000
1112
1175
1079
1162
1174
1066
1148
1048
1058
1035
1198
1139
1090
977
927
968
937
882
886
867
814
917
805
960
868
865
824
829
916
869
929
985
987
889
831
853
984
848
873
838
998
905
872
928
956
877
834
957
974
999
938
835
913
890
983
964
820
902
923
876
926
992
965
994
945
942
897
911
919
837
857
854
930
883
808
954
845
880
879
828
980
874
802
822
978
898
813
863
844
959
910
918
972
901
893
961
944
947
935
907
981
996
800
948
912
866
966
970
841
900
995
856
859
815
991
847
885
821
941
936
955
884
940
852
899
803
990
950
887
971
895
891
903
849
969
904
809
861
842
888
836
988
825
801
878
952
840
922
843
914
804
817
976
989
830
881
850
818
958
993
858
997
870
806
924
943
812
906
925
860
915
979
934
931
827
729
740
710
734
716
645
676
659
657
654
790
747
773
728
693
671
737
609
691
675
686
777
741
695
705
749
658
644
727
643
711
771
721
731
720
610
769
714
621
682
708
618
726
692
717
751
694
614
629
700
699
792
652
722
767
688
739
606
750
690
724
744
622
754
781
648
774
770
715
617
638
678
631
668
725
662
634
641
799
758
685
703
650
630
736
605
760
661
639
763
794
702
674
608
798
623
665
619
646
635
664
735
730
670
701
719
784
615
759
637
752
709
766
672
696
680
738
640
600
679
791
775
666
712
704
706
733
604
697
626
613
768
795
673
732
667
757
755
636
663
778
669
797
782
742
612
632
660
624
642
745
718
603
620
762
788
681
756
765
723
653
683
476
498
499
542
595
532
589
546
510
538
448
411
578
449
469
537
421
470
492
413
415
405
463
587
435
446
545
579
548
406
427
420
586
509
574
422
440
520
493
487
464
560
561
425
465
550
454
533
567
436
593
434
575
566
594
459
590
412
544
438
563
517
558
562
523
416
505
451
559
407
599
485
534
461
582
549
477
456
526
571
580
506
424
522
518
528
447
400
410
491
525
484
577
530
433
409
514
486
501
452
553
519
418
541
573
473
468
482
429
508
588
457
556
536
565
551
585
497
480
521
481
490
453
529
531
494
472
591
437
581
584
488
460
535
503
516
555
527
403
404
408
539
572
439
462
474
430
475
512
471
598
442
458
597
592
502
432
543
431
540
443
576
219
233
252
334
307
381
279
394
265
254
230
278
272
354
200
220
360
232
263
361
243
264
266
236
267
223
250
332
201
253
289
330
395
297
376
202
217
356
248
316
304
209
282
224
280
347
325
258
333
294
305
357
350
399
234
336
251
346
326
349
338
359
292
322
384
343
225
372
206
318
291
203
385
393
213
284
239
344
328
308
388
212
383
246
260
369
281
262
348
353
363
364
397
335
235
214
382
317
287
276
362
208
228
204
240
286
255
237
337
315
374
275
311
321
342
277
377
355
207
386
270
205
302
273
285
242
298
271
314
380
378
367
257
306
226
390
323
274
261
358
310
398
391
331
293
299
290
300
351
268
309
211
303
238
371
339
296
227
324
327
244
241
27
187
15
125
147
178
145
122
11
68
55
130
119
16
58
179
190
31
110
104
176
171
164
109
52
32
72
141
123
193
13
50
30
81
95
39
47
115
152
185
56
38
133
85
195
80
70
108
169
77
82
48
135
35
64
186
118
14
83
18
136
76
198
29
61
132
139
40
12
34
87
42
126
161
28
99
54
17
73
66
1
78
84
69
150
155
53
143
67
128
180
129
74
86
91
156
181
25
43
188
96
103
92
170
197
199
151
149
124
101
100
49
113
184
158
71
94
162
102
97
8
26
177
46
140
98
174
89
127
137
194
7
116
121
3
59
189
175
153
75
36
44
63
142
24
160
166
37
23
5
157
21
148
20
2
19
79
196
65
192
57
0
