1047
1001
1189
1108
1093
1106
1107
1037
1180
1109
1071
1161
1074
1168
1035
1070
1144
1184
912
881
930
988
946
979
806
802
935
925
893
997
916
874
842
857
943
844
776
744
749
725
760
627
640
698
619
601
736
784
733
618
745
670
621
680
582
409
525
472
572
488
424
558
513
401
459
495
516
444
493
578
431
425
294
326
323
356
239
269
308
351
395
328
337
254
336
250
205
244
255
271
44
18
187
129
147
53
14
90
146
159
145
43
121
55
84
61
191
186
1025
1097
1119
1179
1177
1198
1038
1032
1086
1089
1134
1064
1152
1110
1078
1169
1019
1173
1072
1067
973
945
882
818
981
846
985
807
852
987
950
876
866
901
960
892
986
948
924
917
685
671
674
672
647
657
684
683
610
625
739
799
770
620
654
754
635
721
617
753
596
561
454
549
584
486
475
505
434
528
449
477
512
478
410
404
521
535
500
435
362
300
220
383
216
331
327
352
305
394
286
234
391
281
343
329
288
202
208
357
2
72
116
106
180
96
175
104
37
70
131
149
63
50
128
39
76
164
42
27
1172
1138
1030
1075
1042
1142
1034
1020
1014
1120
1031
1164
1022
1092
1121
1018
1051
1163
1079
1178
1046
1122
1027
1133
1013
1155
1153
1057
1125
1118
1176
1039
1028
1068
1003
1100
1105
1185
1150
1096
1004
1040
1083
1154
1054
1036
1175
1044
1045
1190
1005
1162
1010
1112
1060
1194
1102
1007
1043
1024
1126
1160
1124
1076
1174
1131
1171
1041
1029
1088
1128
1192
1113
1009
1182
1055
1008
1059
1193
1084
1139
1077
1149
1145
1033
1181
1141
1197
1136
1098
1082
1116
1146
1017
1069
1056
1062
1050
1081
1103
1147
1165
1095
1101
1021
1114
1090
1187
1137
1183
1130
1061
1073
1167
1052
1170
1156
1085
1023
1080
1188
1026
1087
1135
1151
1053
1015
1143
1140
1157
1191
1048
1099
1094
1132
1063
1186
1091
1117
1127
1196
1123
1199
1129
1148
1195
1011
1065
1104
1012
1002
1049
1000
1166
1158
1159
1016
1006
1058
1111
1115
1066
923
851
911
995
839
828
873
823
975
966
914
964
902
955
833
816
855
998
899
920
821
909
937
810
811
800
886
831
850
957
854
940
958
984
853
908
962
860
825
885
965
944
891
996
931
906
822
903
865
938
976
980
836
963
808
870
919
934
918
900
929
868
805
894
967
971
992
862
843
951
913
835
970
826
841
875
801
915
974
803
994
872
858
928
848
922
888
897
880
824
910
949
871
898
953
990
856
926
947
927
819
991
832
849
869
968
896
904
867
883
972
989
837
809
942
954
982
817
907
877
887
978
933
952
999
813
859
959
969
921
838
804
820
961
890
956
977
932
884
879
829
861
827
845
864
889
939
993
830
878
847
814
815
812
895
863
905
936
840
834
941
983
652
628
714
797
648
782
613
665
757
710
691
705
741
673
798
791
737
681
694
656
724
662
677
668
701
703
756
715
688
751
764
777
742
727
748
669
695
779
781
682
746
730
718
785
786
659
676
700
603
646
734
740
787
629
789
634
729
649
638
631
604
723
660
765
642
793
641
755
732
773
600
645
609
713
771
796
607
679
690
792
768
743
664
687
666
747
707
758
639
720
675
728
712
702
622
636
783
624
769
611
761
738
697
623
678
795
719
658
667
606
772
706
661
709
692
689
790
614
612
605
602
655
794
630
780
775
711
632
766
699
735
616
615
750
608
716
696
693
626
774
644
726
767
704
663
653
633
722
643
731
717
686
778
708
752
759
788
651
762
637
650
763
429
555
437
413
598
490
443
556
492
426
593
496
451
574
436
419
507
543
583
559
538
420
422
590
456
483
487
529
534
473
522
564
527
402
545
428
450
515
470
594
537
565
595
571
427
579
518
551
546
548
469
585
544
533
557
494
460
403
415
458
506
581
418
536
441
580
433
416
411
468
554
400
520
588
550
479
552
531
510
465
417
526
575
457
586
599
407
560
442
508
566
498
455
587
568
576
440
491
511
476
523
405
446
532
452
567
589
597
497
445
448
517
539
504
406
501
570
573
503
562
412
471
502
530
592
591
482
563
453
509
461
569
541
438
480
542
462
524
540
414
577
423
489
547
519
466
474
553
408
447
464
514
430
432
484
463
421
439
467
499
481
485
284
225
252
253
201
399
390
378
330
278
392
232
314
238
382
344
349
309
364
347
259
298
348
206
361
292
228
296
260
304
388
301
222
217
365
359
267
375
274
318
339
215
248
231
384
207
310
312
213
306
386
279
277
226
210
389
258
340
321
282
235
241
245
397
262
203
332
265
214
291
376
396
249
230
211
335
398
363
372
289
295
303
385
299
370
302
236
393
368
280
243
379
311
353
224
371
251
315
257
366
325
209
287
367
313
322
233
237
221
324
334
354
261
268
377
240
264
283
223
341
242
272
290
387
360
350
270
320
307
358
297
246
204
355
266
273
200
380
317
212
218
346
374
338
293
229
276
319
333
342
247
227
263
275
373
285
219
316
345
381
369
256
83
30
199
56
5
140
25
112
197
125
49
193
132
158
88
73
189
171
52
93
188
139
46
194
87
1
178
65
19
86
80
9
161
99
174
167
156
79
77
142
47
15
144
95
38
136
183
12
124
74
122
110
0
184
28
153
71
133
170
152
21
64
179
57
198
6
102
75
190
13
40
97
23
34
31
41
117
60
127
182
173
36
48
155
169
4
33
113
107
166
151
126
35
10
94
82
168
172
92
8
58
105
177
185
59
163
148
134
150
85
66
98
138
181
54
91
165
68
101
137
89
109
17
118
81
141
51
196
162
108
176
195
115
62
100
24
67
26
103
69
111
32
143
130
157
192
11
114
45
3
29
135
120
7
20
22
154
16
119
123
78
160
