1016
1088
1131
1149
1111
1147
1154
1105
1022
1082
1164
1003
1161
1122
1063
1146
1064
1182
895
941
823
804
896
908
852
966
826
979
999
909
829
812
855
854
891
894
607
714
778
743
696
690
651
753
738
638
691
629
623
654
724
768
750
784
510
421
539
556
513
567
519
543
400
477
578
506
425
576
569
537
596
452
357
203
389
395
262
365
215
265
318
337
272
248
268
295
243
336
321
341
59
120
37
50
60
137
140
67
31
105
68
128
19
196
146
157
113
154
1099
1028
1101
1187
1077
1051
1031
1190
1136
1037
1155
1073
1137
1085
1135
1023
1070
1026
1025
1114
925
981
843
828
860
934
903
916
861
898
943
959
879
922
961
838
878
849
947
831
669
749
762
643
799
611
688
773
765
675
617
630
639
657
602
725
759
795
674
716
542
547
493
437
450
457
515
554
478
503
459
526
458
527
422
550
588
499
453
504
380
297
290
339
326
353
354
304
343
287
328
209
307
230
284
390
391
282
223
305
169
102
71
142
100
178
43
111
4
81
21
149
138
77
94
20
98
41
85
109
1002
1127
1032
1163
1011
1012
1054
1068
1184
1108
1042
1040
1174
1103
1084
1195
1179
1126
1048
1183
1197
1057
1007
1065
1045
1119
1142
1196
1193
1125
1060
1035
1071
1019
1188
1172
1081
1132
1177
1018
1039
1074
1134
1157
1013
1145
1171
1062
1156
1133
1058
1069
1092
1169
1138
1109
1095
1180
1090
1141
1029
1121
1102
1181
1120
1059
1168
1160
1000
1078
1107
1076
1140
1148
1144
1199
1150
1050
1089
1186
1014
1021
1096
1130
1198
1178
1079
1080
1024
1106
1091
1162
1153
1034
1027
1047
1113
1041
1128
1086
1189
1038
1094
1115
1033
1173
1067
1005
1017
1055
1075
1110
1158
1009
1112
1036
1143
1066
1020
1116
1192
1004
1170
1046
1056
1191
1165
1124
1010
1123
1104
1185
1001
1151
1072
1052
1030
1152
1087
1117
1044
1100
1043
1015
1083
1194
1129
1118
1061
1008
1166
1098
1053
1049
1097
1175
1093
1006
1176
1167
1159
1139
993
973
940
856
971
842
974
949
920
986
998
982
976
915
819
962
995
987
869
885
997
899
847
928
913
853
919
977
865
905
815
858
836
957
864
875
892
890
953
956
893
978
886
844
990
882
822
942
877
970
874
897
809
820
821
846
888
992
989
845
907
965
851
834
996
944
929
984
840
841
975
887
805
876
818
867
963
983
816
857
883
980
868
933
866
848
955
923
863
917
830
954
884
967
859
946
889
948
958
910
808
871
921
945
912
960
906
969
991
952
972
802
850
924
935
937
824
926
811
807
813
964
930
873
901
835
825
932
806
817
801
800
927
985
833
827
810
936
914
832
900
911
951
918
902
814
988
939
950
803
837
938
968
839
872
994
870
931
880
904
862
881
601
798
739
794
609
748
650
744
653
796
677
603
752
790
729
672
785
711
730
642
763
745
647
774
622
698
783
770
600
712
767
692
706
728
746
766
719
780
695
627
626
734
686
628
708
640
701
659
699
723
705
655
793
676
747
786
756
737
641
791
685
702
693
760
733
621
713
736
718
787
715
764
605
710
776
635
689
682
612
717
668
709
631
700
704
614
666
694
741
619
616
788
652
633
679
683
615
684
664
671
604
648
771
606
656
735
637
644
673
751
757
758
660
663
624
608
754
721
636
731
792
681
779
662
769
667
670
665
707
789
781
742
775
620
678
703
755
722
772
726
777
740
645
697
727
634
649
732
625
680
613
687
658
646
632
761
720
661
797
782
610
618
411
416
439
583
432
512
419
573
538
508
524
577
591
487
525
414
412
507
428
481
468
536
572
511
480
502
413
401
445
471
558
589
570
486
488
562
406
599
564
546
551
582
456
435
415
535
442
451
494
509
467
548
465
444
563
491
500
498
501
505
426
549
443
585
409
544
593
523
473
492
430
485
553
517
460
410
575
590
440
463
417
574
532
404
584
529
434
461
469
420
545
447
483
466
403
464
514
520
566
568
470
533
431
423
541
476
449
408
586
484
592
474
552
441
528
489
540
516
560
429
555
446
597
482
454
559
424
594
455
581
557
534
433
598
407
521
531
571
580
438
472
530
475
448
561
595
462
522
418
490
495
479
497
518
405
402
579
587
436
565
427
496
311
201
369
294
313
385
261
200
246
251
335
218
383
244
374
298
317
306
350
267
316
342
210
263
211
220
327
367
256
233
344
324
214
347
325
208
276
226
322
338
323
332
242
363
270
303
222
330
224
329
281
278
255
289
231
302
285
393
273
240
259
299
308
359
253
258
309
331
217
355
368
370
257
239
340
314
221
348
386
358
376
384
232
288
245
280
396
345
283
351
252
315
319
225
394
366
362
271
213
286
291
292
381
238
247
216
275
266
399
237
377
279
202
371
334
249
375
364
387
235
382
312
234
352
236
206
228
227
250
398
392
254
241
360
346
293
300
212
372
229
264
388
296
356
274
205
361
269
277
310
333
397
207
204
378
379
260
320
301
349
219
373
89
181
129
192
185
158
55
0
35
23
24
33
42
150
46
147
117
104
168
174
162
116
143
134
2
195
118
145
10
45
126
62
76
27
172
119
133
40
176
110
101
180
83
11
61
124
171
175
198
39
36
13
90
80
197
112
107
199
7
49
139
14
63
34
57
73
179
29
22
95
82
151
125
53
106
187
194
72
161
166
51
177
108
93
148
25
64
141
183
152
121
156
28
3
6
186
88
87
153
184
115
163
170
189
97
99
127
18
12
131
65
30
114
135
167
92
38
15
190
52
123
56
136
47
5
191
122
32
26
74
44
160
130
8
155
16
54
173
159
70
84
91
86
144
48
78
103
69
58
17
96
193
188
75
132
79
66
165
182
164
1
9
