1061
1140
1122
1030
1037
1147
1114
1134
1156
1051
1108
1112
1151
1191
1000
1119
1026
1074
828
883
803
945
958
942
908
832
975
873
862
853
901
972
821
891
831
971
784
618
773
740
695
760
617
757
703
783
752
717
623
641
775
673
615
774
572
576
423
522
589
428
480
514
588
463
520
540
579
407
479
510
440
413
395
204
375
374
292
383
354
252
380
222
210
379
351
298
259
227
228
350
196
163
40
110
106
12
103
156
48
139
125
85
149
14
61
7
111
89
1152
1071
1145
1167
1195
1158
1197
1190
1049
1027
1081
1002
1135
1033
1157
1050
1004
1072
1154
1011
877
974
903
889
928
800
841
806
957
827
913
843
829
854
865
921
887
973
863
962
734
766
699
707
795
723
614
729
672
657
647
625
661
603
656
642
651
762
639
645
422
488
547
470
507
535
539
529
453
585
432
441
567
530
568
444
502
531
543
442
246
365
251
328
396
382
304
384
339
393
334
268
282
212
205
244
336
387
285
344
97
21
105
172
126
177
24
120
116
16
165
169
69
18
77
161
153
42
74
70
1187
1008
1093
1186
1017
1109
1042
1007
1136
1174
1138
1171
1102
1019
1101
1137
1046
1095
1089
1096
1116
1094
1036
1028
1020
1144
1054
1176
1087
1172
1025
1104
1006
1069
1189
1103
1117
1085
1023
1013
1141
1155
1038
1088
1169
1180
1060
1083
1092
1111
1164
1193
1070
1029
1166
1044
1063
1179
1010
1175
1184
1110
1130
1163
1058
1056
1173
1107
1016
1105
1196
1125
1001
1090
1194
1100
1192
1124
1024
1066
1123
1165
1132
1188
1032
1022
1198
1014
1143
1059
1067
1118
1079
1185
1106
1086
1139
1128
1043
1078
1048
1159
1053
1034
1168
1178
1021
1097
1126
1150
1148
1015
1177
1073
1199
1153
1082
1131
1170
1113
1064
1181
1065
1149
1127
1055
1120
1018
1039
1068
1098
1035
1080
1040
1009
1091
1129
1052
1047
1062
1115
1161
1076
1142
1146
1084
1183
1031
1041
1099
1005
1057
1133
1160
1045
1003
1012
1182
1075
1077
1121
1162
938
976
879
925
857
835
918
959
875
946
997
819
813
954
811
981
941
991
965
808
960
823
860
830
931
952
919
893
926
905
984
878
940
923
915
847
840
978
859
983
943
916
820
858
838
886
880
895
856
985
990
999
814
818
837
924
994
864
851
834
904
888
849
948
845
944
839
936
992
993
979
933
986
848
868
977
892
920
897
871
874
939
927
951
953
855
966
988
950
852
876
822
963
937
929
846
947
907
812
836
807
995
912
842
961
955
989
816
870
869
899
964
968
844
861
801
935
866
809
949
896
910
885
884
922
969
826
894
911
932
914
804
902
881
872
987
930
815
956
805
817
810
900
850
890
909
802
906
825
998
917
824
970
898
833
967
982
867
934
882
996
980
710
697
738
669
666
605
763
601
767
798
687
633
681
655
787
638
720
705
770
693
737
627
718
722
708
742
716
663
659
684
606
665
719
779
747
643
739
660
728
785
668
604
706
637
736
724
730
619
671
690
704
744
631
632
653
702
712
683
600
756
616
644
613
658
620
634
664
789
628
721
764
635
794
715
611
799
640
746
679
650
727
750
662
648
676
698
776
636
622
753
748
713
624
786
674
777
755
646
726
788
686
731
700
692
682
654
711
652
694
791
749
733
761
743
691
778
792
649
754
768
626
629
677
781
751
675
609
782
769
608
610
765
796
607
696
667
790
688
735
621
709
602
701
630
758
685
680
732
678
670
759
741
714
689
772
780
725
793
797
771
612
745
475
583
596
400
558
404
462
503
515
481
556
584
414
554
541
519
424
415
467
485
491
578
580
410
445
477
430
562
587
505
490
508
438
538
492
411
406
447
486
557
461
476
533
418
452
408
564
523
483
595
532
489
506
599
429
466
528
497
545
591
446
563
525
577
553
482
496
536
565
457
582
417
509
465
451
517
534
473
425
471
443
419
455
403
542
416
402
501
434
512
435
570
546
551
420
458
421
593
573
436
537
487
548
569
401
575
454
426
581
449
555
513
559
468
574
493
494
586
405
450
592
561
560
590
439
550
437
544
598
594
500
474
412
478
571
431
464
549
527
460
518
499
524
526
511
484
597
498
495
427
456
552
566
504
433
516
469
409
521
472
448
459
271
226
277
362
319
376
309
316
372
310
231
266
327
235
291
249
385
326
203
322
300
301
314
355
280
308
386
260
323
296
388
294
219
257
329
394
245
272
273
366
288
342
378
239
256
211
220
297
218
324
238
345
247
290
398
240
371
289
392
221
236
263
230
223
377
390
352
201
267
367
397
381
338
318
224
215
250
214
312
299
274
346
360
216
234
389
359
275
343
293
217
349
225
248
295
361
315
368
333
243
331
370
261
281
208
276
337
332
269
207
254
348
363
278
270
305
321
286
284
391
335
287
399
311
279
209
237
200
353
357
307
283
341
258
213
303
232
264
364
202
356
242
255
265
347
241
369
262
229
317
306
373
320
253
233
302
313
330
340
358
325
206
199
47
144
55
138
43
64
71
109
141
45
33
28
52
178
5
0
157
9
54
145
4
189
166
25
29
164
88
37
184
179
183
132
168
170
59
185
118
99
180
8
174
162
192
80
131
112
167
3
159
10
175
187
68
41
60
31
114
108
143
92
95
57
49
67
20
86
122
36
22
23
30
93
79
72
146
76
182
98
147
193
53
121
135
2
35
62
171
137
190
84
56
19
65
115
151
113
195
58
117
123
124
107
158
82
119
181
96
78
142
87
100
83
6
136
173
198
176
32
50
26
15
39
11
148
27
38
191
155
188
134
46
13
101
197
154
34
127
150
129
44
81
152
140
1
160
73
66
130
75
133
186
90
17
128
63
104
94
51
102
91
194
