1015
1120
1104
1147
1138
1095
1143
1110
1056
1013
1096
1157
1131
1195
1089
1098
1032
1179
854
811
889
862
913
959
994
905
898
957
906
987
897
989
820
826
813
837
704
761
782
772
660
700
628
617
726
635
742
603
723
740
661
751
701
766
405
552
508
461
567
593
551
576
516
573
445
453
548
524
429
525
435
476
243
297
245
212
269
220
253
262
231
294
280
293
266
392
274
208
251
344
69
24
130
98
1
144
82
154
177
77
34
99
5
37
39
40
86
180
1107
1026
1092
1124
1052
1108
1011
1028
1161
1008
1123
1049
1146
1079
1134
1036
1166
1087
1149
1070
804
882
926
840
823
929
865
807
955
827
843
975
822
983
945
866
944
952
857
893
615
735
778
652
744
657
795
655
667
664
718
785
656
659
788
627
614
692
663
607
579
492
539
587
464
514
541
430
432
468
537
462
520
596
586
463
458
510
565
451
347
377
397
390
352
379
290
281
204
263
289
221
227
391
285
265
296
334
233
350
166
93
43
139
175
170
159
65
151
47
74
140
121
33
22
50
124
29
155
128
1024
1077
1111
1004
1043
1064
1075
1073
1150
1159
1019
1171
1162
1109
1083
1048
1038
1160
1099
1184
1135
1046
1027
1132
1066
1112
1172
1118
1136
1091
1078
1115
1165
1199
1034
1185
1094
1141
1197
1097
1168
1106
1072
1012
1054
1003
1045
1176
1088
1000
1006
1084
1145
1117
1156
1035
1193
1116
1189
1051
1105
1001
1128
1181
1061
1023
1059
1152
1186
1033
1041
1063
1196
1183
1169
1029
1002
1182
1085
1068
1151
1016
1074
1140
1093
1180
1119
1017
1067
1021
1121
1102
1127
1071
1014
1044
1058
1050
1148
1188
1005
1007
1192
1187
1174
1164
1031
1122
1137
1020
1154
1047
1065
1082
1194
1039
1173
1069
1030
1155
1060
1129
1139
1018
1009
1055
1178
1126
1114
1144
1125
1158
1198
1113
1175
1057
1090
1170
1086
1133
1010
1053
1081
1130
1190
1142
1163
1022
1037
1153
1076
1042
1040
1100
1177
1167
1062
1080
1101
1025
1103
1191
910
834
936
996
951
924
912
872
844
869
972
903
941
870
890
997
902
874
849
979
838
964
954
853
848
993
970
800
836
810
960
981
962
992
809
873
977
841
943
953
879
986
895
966
875
818
867
949
847
984
814
938
884
805
995
916
921
864
985
919
946
817
821
812
923
947
978
927
973
883
930
825
891
819
911
803
876
948
860
928
835
877
839
868
950
859
831
887
824
878
815
909
881
939
998
914
904
900
932
828
918
846
965
830
974
958
967
920
845
858
907
961
892
969
899
976
934
933
880
917
956
808
816
861
896
894
885
801
963
855
833
856
851
888
871
908
982
922
988
990
931
942
971
915
886
935
901
852
832
925
999
806
991
802
829
980
863
940
842
937
850
968
651
728
605
693
601
773
674
622
734
623
710
653
706
790
637
695
630
798
787
665
796
708
770
732
739
619
680
679
777
714
604
702
775
717
779
612
733
799
759
724
616
783
727
719
638
684
644
626
649
668
682
711
771
763
678
794
685
713
631
647
709
658
618
643
675
691
625
639
746
765
654
613
650
743
753
747
642
672
797
781
707
791
687
767
741
768
699
758
681
780
621
629
748
750
752
793
624
640
671
610
784
754
737
786
662
705
792
712
673
690
722
789
608
745
677
648
755
736
694
731
606
764
646
720
738
609
633
697
602
686
703
670
666
641
716
689
769
688
721
683
676
620
669
757
729
749
762
645
632
776
634
774
756
760
730
636
715
611
600
698
696
725
428
572
423
477
599
411
409
585
479
481
571
574
413
494
487
540
483
546
490
569
588
530
561
506
500
543
531
496
418
450
486
406
457
499
439
416
460
482
470
553
577
484
404
584
513
592
448
517
417
489
455
555
402
456
421
485
407
521
425
550
597
559
549
529
581
491
420
454
595
422
590
564
570
426
575
528
589
466
412
414
452
536
434
437
562
563
441
511
410
446
554
512
558
443
591
419
474
475
433
583
447
556
507
415
503
497
598
469
495
471
533
535
400
545
449
465
444
519
544
522
480
478
473
488
594
515
502
523
509
542
580
436
532
526
401
505
467
566
498
442
459
472
438
493
424
518
557
538
403
440
568
534
501
578
431
408
504
547
582
427
527
560
299
381
284
330
362
254
371
307
267
276
202
321
361
363
317
323
383
288
382
345
279
236
368
242
376
301
273
305
303
257
364
309
200
259
241
225
226
268
348
313
310
298
339
318
384
370
275
322
201
282
351
398
260
358
239
314
216
324
308
261
300
237
386
244
353
249
215
388
247
258
343
311
315
337
214
389
302
354
336
230
218
375
326
356
219
346
224
341
328
232
271
393
394
327
366
223
373
235
264
329
205
250
387
320
333
395
374
359
355
228
396
207
270
332
325
331
349
369
292
209
234
255
378
360
365
338
319
229
385
211
238
291
306
222
213
252
295
286
240
367
246
210
277
278
372
256
342
316
272
380
335
312
399
340
203
248
206
217
283
304
357
287
122
2
131
149
158
71
199
174
87
143
114
70
169
18
8
68
116
167
20
168
108
83
52
189
195
126
101
184
96
3
105
106
30
137
172
183
78
80
120
198
176
54
115
187
179
182
38
66
164
92
188
27
7
186
136
46
14
160
141
192
107
156
79
16
64
49
163
165
94
178
119
6
76
171
75
9
88
150
147
84
95
162
35
97
36
60
145
181
153
19
23
56
142
138
196
48
113
118
13
85
111
112
190
55
45
146
53
61
31
110
191
89
135
193
127
161
90
152
72
12
157
11
197
42
26
63
41
32
59
58
67
44
91
57
62
194
28
102
125
117
173
21
185
104
129
25
4
132
148
15
103
17
109
73
133
81
134
10
123
51
100
0
