1143
1176
1172
1018
1092
1114
1065
1058
1131
1107
1147
1001
1101
1046
1042
1184
1090
1190
897
989
868
933
849
839
809
864
956
804
915
914
895
964
883
981
923
834
797
739
610
695
701
668
690
697
705
633
608
624
791
779
660
627
641
799
519
500
499
560
450
585
401
577
446
569
538
508
552
411
544
566
429
494
287
388
210
327
363
398
247
306
228
206
362
318
223
339
276
303
375
239
23
10
94
59
45
22
150
194
62
182
181
138
64
178
98
57
4
48
1133
1109
1008
1080
1040
1043
1057
1077
1129
1110
1015
1142
1034
1099
1031
1011
1164
1182
1113
1041
938
986
885
817
859
848
853
899
957
852
863
827
896
949
908
850
960
918
968
963
649
651
709
720
766
738
667
600
616
653
787
751
775
745
703
715
620
755
746
687
467
481
549
428
423
524
533
470
558
459
534
584
565
596
404
486
590
586
454
408
374
254
248
268
222
252
204
397
391
351
307
319
209
389
326
257
213
342
285
200
5
135
75
103
162
163
124
102
28
159
136
14
97
142
157
154
27
49
29
93
1022
1069
1028
1032
1187
1016
1152
1170
1066
1186
1145
1096
1070
1059
1150
1196
1166
1167
1071
1051
1074
1119
1064
1035
1197
1084
1195
1103
1037
1004
1112
1017
1126
1181
1025
1120
1029
1183
1127
1161
1179
1068
1125
1087
1000
1097
1049
1030
1078
1168
1134
1047
1072
1188
1020
1169
1171
1155
1104
1149
1174
1115
1144
1079
1083
1005
1191
1024
1198
1192
1156
1151
1118
1052
1019
1026
1048
1060
1036
1160
1086
1137
1006
1073
1100
1138
1094
1009
1021
1158
1122
1050
1085
1106
1023
1014
1098
1056
1067
1105
1141
1189
1124
1093
1165
1132
1075
1089
1117
1027
1038
1055
1177
1039
1007
1159
1010
1013
1012
1154
1139
1044
1116
1185
1002
1062
1054
1193
1128
1063
1173
1148
1076
1061
1111
1153
1081
1091
1178
1088
1082
1045
1123
1135
1199
1108
1003
1162
1157
1140
1130
1163
1033
1175
1053
1121
1146
1136
1102
1180
1095
1194
877
820
822
815
958
927
821
991
802
823
920
879
974
801
818
931
966
876
875
919
880
835
952
909
878
837
959
930
940
903
871
889
987
891
921
845
866
990
992
950
882
838
819
872
983
971
892
924
813
844
873
874
911
829
943
995
881
843
999
825
945
824
867
857
905
847
816
929
894
978
851
833
846
925
888
980
922
962
855
961
806
994
805
939
811
870
902
906
907
967
862
973
812
997
953
982
910
826
998
860
828
928
842
946
884
887
841
865
893
985
955
944
988
803
979
969
913
831
886
975
900
926
869
942
808
954
917
912
916
807
951
904
932
965
832
977
993
890
898
976
854
936
800
856
858
970
996
984
947
934
972
840
810
814
861
830
935
937
941
948
836
901
689
735
662
613
788
728
682
796
666
719
702
686
621
750
714
754
629
678
769
642
729
727
602
732
783
748
683
611
623
648
776
632
713
619
626
717
631
781
725
792
655
733
637
771
790
605
681
654
742
770
711
723
674
607
762
731
743
785
647
617
671
752
794
784
614
795
716
694
630
789
663
707
772
768
780
606
706
685
773
741
650
692
765
638
676
759
665
634
698
680
615
761
625
664
763
718
721
652
736
704
618
643
684
699
734
636
688
737
604
798
710
612
744
639
646
657
640
659
670
658
774
673
672
645
700
644
757
747
782
760
669
603
756
753
622
679
635
722
693
786
777
675
778
656
677
764
740
793
609
758
730
696
749
767
708
601
661
712
724
726
628
691
430
532
554
489
455
492
431
462
476
527
578
400
412
550
517
409
490
480
496
453
512
543
493
523
510
525
448
469
511
536
588
464
427
579
506
501
591
522
478
417
520
413
477
572
555
420
468
471
425
495
449
432
422
574
482
528
463
553
441
546
559
443
597
561
582
484
568
581
562
580
414
545
526
575
497
435
457
570
583
445
415
444
473
424
564
460
458
540
405
426
465
547
505
599
418
421
589
403
439
503
419
416
595
592
529
518
438
461
402
504
551
513
485
440
442
488
410
483
563
516
541
474
539
436
498
472
593
509
452
491
406
487
571
507
537
567
466
407
433
447
514
531
456
479
594
515
573
535
434
437
556
576
451
521
548
598
475
542
557
587
502
530
278
359
305
208
329
260
225
394
347
266
324
365
333
211
255
371
270
350
383
372
316
335
308
325
314
337
226
356
323
378
390
238
366
286
262
313
312
296
274
353
396
236
220
393
271
379
253
283
249
261
299
230
246
217
294
384
370
293
309
369
346
300
360
229
332
382
241
310
352
279
214
264
334
386
368
376
231
380
345
385
331
321
240
320
251
273
205
392
357
288
290
202
297
281
295
258
265
343
207
341
292
354
304
203
201
244
358
373
280
328
272
267
338
302
301
221
263
395
277
322
218
219
259
256
215
399
284
250
216
245
227
340
233
235
355
269
291
361
234
330
348
298
232
289
242
275
243
224
367
364
315
344
387
349
377
212
282
381
336
317
311
237
18
69
55
37
88
192
106
146
133
63
174
65
21
168
86
140
8
15
128
43
122
67
180
100
35
188
76
145
175
83
189
9
60
95
155
41
108
126
99
79
2
167
68
193
116
19
87
125
118
190
184
158
85
31
195
46
73
40
123
183
47
71
66
144
113
6
52
147
130
137
12
131
42
149
77
96
114
82
81
139
132
129
165
17
32
191
141
90
91
148
78
152
111
84
187
172
26
134
58
151
186
0
143
61
1
156
72
101
38
166
16
3
117
179
30
89
119
11
24
104
36
127
20
161
177
199
39
198
121
51
70
33
171
109
80
105
56
153
107
13
164
169
160
110
120
197
185
25
112
53
92
50
170
115
44
173
196
34
54
7
74
176
