1078
1034
1085
1070
1190
1079
1051
1140
1189
1124
1153
1160
1008
1176
1042
1139
1106
1170
825
831
901
815
964
907
892
959
863
997
864
956
847
850
970
978
938
853
641
628
744
769
681
782
746
707
747
722
754
758
616
609
680
751
723
780
535
551
433
481
514
544
539
495
555
423
451
476
470
570
421
527
588
405
267
371
297
333
291
337
248
330
370
251
320
265
332
380
335
221
372
254
117
45
148
52
41
167
185
143
151
71
178
89
165
168
93
1
33
53
1142
1089
1115
1072
1181
1045
1137
1105
1150
1064
1000
1130
1172
1031
1077
1021
1058
1053
1049
1007
865
884
976
872
824
915
920
921
996
947
844
878
946
989
969
895
870
991
801
902
612
675
666
721
789
624
756
727
765
714
730
692
662
638
766
772
614
797
726
788
582
413
576
500
571
479
485
487
506
583
542
402
420
425
549
584
445
559
516
442
208
352
362
292
202
263
346
319
216
277
231
246
338
358
247
391
249
255
201
334
127
105
85
43
34
133
69
39
147
160
136
180
131
182
170
195
36
101
65
54
1069
1152
1046
1147
1120
1047
1129
1116
1113
1083
1173
1141
1131
1075
1122
1191
1054
1136
1080
1013
1184
1057
1025
1026
1086
1175
1066
1048
1107
1015
1017
1036
1003
1098
1195
1158
1037
1108
1162
1005
1154
1177
1183
1104
1185
1182
1023
1014
1050
1084
1125
1052
1028
1043
1035
1019
1100
1180
1155
1039
1022
1061
1055
1088
1096
1103
1134
1128
1097
1009
1133
1193
1111
1138
1110
1179
1166
1123
1161
1011
1041
1018
1151
1146
1001
1102
1194
1071
1126
1004
1198
1118
1186
1040
1024
1010
1157
1090
1091
1016
1149
1063
1121
1127
1143
1112
1159
1196
1056
1073
1044
1197
1065
1059
1032
1092
1187
1087
1099
1119
1192
1109
1168
1135
1144
1199
1030
1029
1148
1095
1074
1169
1068
1167
1093
1145
1178
1117
1062
1164
1163
1114
1006
1076
1033
1060
1165
1171
1094
1067
1188
1082
1038
1101
1081
1012
1174
1156
1027
1020
1002
1132
994
816
879
893
913
987
806
990
830
871
858
862
932
826
843
869
803
935
984
982
986
880
832
905
841
861
854
829
958
965
811
939
974
839
952
855
979
845
857
914
954
973
900
922
933
885
877
838
822
866
886
906
950
944
988
971
961
980
917
881
927
852
823
819
889
882
953
802
888
834
804
945
948
808
912
934
860
891
805
951
848
936
972
827
942
981
966
874
926
840
836
851
809
876
910
899
896
835
993
992
807
846
983
821
800
962
963
837
911
820
868
949
919
898
941
810
985
867
930
975
812
814
873
925
817
842
999
998
904
924
995
890
940
813
849
928
937
859
931
929
887
833
968
828
894
918
967
908
943
909
903
875
960
957
916
818
923
856
977
883
955
897
687
667
634
602
678
703
603
776
708
629
791
768
795
757
611
748
665
783
648
600
784
618
671
778
759
683
619
734
725
669
749
720
645
676
655
688
660
742
785
798
674
736
689
622
706
672
792
760
664
633
761
635
607
693
670
626
623
764
663
790
636
608
639
610
637
656
762
745
716
724
774
767
710
738
794
770
700
743
779
704
615
763
777
650
773
697
651
695
657
640
621
653
644
691
755
652
737
711
712
698
668
719
793
786
690
630
632
701
654
604
685
642
732
647
787
606
709
713
617
658
601
661
717
613
753
752
731
699
705
799
718
620
659
740
684
775
741
679
739
728
686
646
682
781
677
643
750
696
605
796
771
715
733
729
673
625
735
631
649
702
694
627
502
560
492
478
537
598
458
452
482
417
518
409
414
466
441
403
558
474
540
431
536
579
461
581
519
592
418
509
410
553
595
510
426
464
484
407
505
577
459
573
469
436
504
508
566
428
404
447
561
572
440
429
543
552
437
493
415
457
468
496
585
548
575
488
477
545
587
503
419
453
512
599
574
565
430
580
564
427
400
416
586
486
435
497
594
472
597
424
550
532
456
596
589
591
528
471
547
467
530
534
443
567
541
460
590
515
490
529
434
521
411
446
554
412
523
538
480
444
463
408
533
494
568
525
501
513
593
511
507
465
526
406
462
517
455
569
491
473
557
448
531
438
401
450
454
439
449
563
475
498
432
483
522
578
520
546
524
489
562
499
422
556
377
381
229
323
233
281
252
354
230
384
264
299
289
287
314
275
366
204
239
301
316
340
342
285
347
357
327
393
353
392
210
378
214
273
385
262
232
271
225
399
322
260
306
307
226
329
212
302
224
315
253
350
223
367
355
294
310
213
227
243
356
288
244
238
328
365
272
336
268
237
279
313
309
236
396
258
303
283
217
228
345
211
363
386
209
270
256
222
318
296
364
257
219
293
250
387
245
286
383
368
298
308
359
259
388
234
326
205
369
349
269
325
374
339
343
317
266
311
261
351
304
215
344
312
395
321
305
241
203
324
280
235
348
284
390
331
240
300
282
290
375
207
200
278
206
242
389
220
360
361
398
394
276
218
373
341
295
274
376
397
382
379
42
16
7
125
75
11
22
47
19
111
176
82
175
130
5
90
112
142
140
161
190
35
159
184
153
134
169
78
174
198
38
70
157
10
137
146
121
17
21
62
118
144
95
32
107
51
166
113
141
156
191
135
110
188
56
30
76
145
197
24
98
109
58
173
26
73
162
129
86
3
50
122
96
92
163
189
67
115
192
60
91
154
177
199
40
138
103
114
28
37
119
179
29
172
183
123
23
77
150
81
18
155
27
193
84
132
124
164
120
106
171
72
104
15
196
48
8
31
187
99
87
83
194
126
49
12
25
14
139
97
102
59
68
181
44
79
152
149
158
6
128
4
2
57
0
94
61
13
64
80
63
108
74
55
116
46
66
88
100
186
20
9
