1048
1123
1105
1127
1054
1198
1094
1144
1174
1117
1164
1163
1111
1114
1149
1003
1177
1064
836
917
893
876
991
812
847
971
933
845
904
858
872
947
822
870
854
925
749
626
766
746
685
682
752
614
740
604
764
615
693
775
694
759
750
772
455
503
502
542
412
432
550
517
445
565
466
456
536
568
553
509
460
519
360
282
203
266
232
320
382
351
387
217
330
347
200
273
230
292
204
221
45
91
152
24
124
126
120
190
180
74
171
187
169
11
168
198
125
43
1069
1058
1007
1011
1036
1106
1041
1015
1193
1156
1178
1185
1060
1000
1063
1135
1059
1175
1181
1070
852
843
821
853
865
855
808
905
831
851
818
895
927
830
894
901
994
879
850
916
623
630
643
745
638
632
610
707
618
701
695
691
678
722
605
625
635
719
675
634
441
431
438
485
597
557
540
500
583
520
512
416
585
533
554
572
535
595
578
599
258
272
210
212
289
396
337
283
277
317
328
336
397
279
363
380
346
227
322
361
157
174
70
104
156
39
77
131
87
92
119
31
107
68
79
23
76
197
105
22
1138
1168
1190
1062
1092
1077
1017
1090
1155
1187
1183
1103
1016
1152
1197
1057
1053
1141
1014
1087
1029
1073
1012
1126
1118
1166
1045
1108
1084
1098
1010
1170
1136
1131
1124
1021
1107
1085
1035
1080
1128
1171
1086
1002
1180
1024
1028
1184
1026
1032
1188
1113
1020
1088
1049
1055
1133
1065
1068
1037
1071
1120
1189
1005
1030
1153
1034
1038
1182
1061
1040
1001
1023
1089
1075
1191
1157
1104
1162
1186
1004
1160
1044
1165
1199
1047
1146
1150
1115
1081
1066
1194
1019
1079
1101
1067
1027
1093
1042
1031
1116
1148
1006
1008
1052
1142
1025
1122
1172
1169
1173
1134
1143
1110
1051
1074
1009
1109
1013
1050
1151
1099
1033
1140
1091
1102
1078
1076
1056
1097
1018
1082
1196
1154
1159
1043
1083
1039
1125
1195
1176
1072
1022
1132
1100
1161
1121
1095
1119
1130
1192
1046
1179
1145
1158
1139
1112
1147
1096
1129
1167
1137
964
856
984
990
989
997
938
954
907
976
883
945
801
825
899
969
889
902
966
937
875
950
827
897
978
998
848
841
985
888
940
857
957
807
980
972
881
911
988
973
814
829
819
975
810
882
864
816
803
974
912
846
923
835
959
952
906
960
968
942
949
922
914
982
943
820
898
802
915
965
863
806
861
999
996
932
891
886
844
944
840
892
935
817
926
878
862
921
983
993
936
900
929
834
987
918
832
919
887
824
877
986
838
837
833
928
920
962
913
967
823
955
813
805
809
885
924
890
903
874
880
826
946
871
815
970
873
908
869
951
934
867
849
956
839
859
800
828
896
941
981
868
963
884
961
948
811
909
860
804
995
992
931
939
910
979
842
866
977
953
930
958
602
633
657
796
663
774
790
642
734
716
668
645
721
684
628
738
704
726
690
700
652
667
758
656
756
747
659
647
646
689
654
611
782
733
791
723
600
737
739
742
650
735
732
715
797
793
761
617
741
619
651
754
664
705
760
653
784
641
714
730
699
680
783
603
781
661
692
709
698
713
607
748
757
799
677
728
720
729
601
710
771
696
769
688
718
780
608
670
673
788
627
703
755
648
792
637
724
672
708
763
736
686
622
671
794
779
770
762
640
753
777
789
606
702
679
609
649
751
676
744
669
743
644
683
621
665
773
658
768
765
666
662
697
681
795
776
620
660
706
787
785
613
624
725
717
711
631
767
636
727
639
712
778
629
655
731
687
786
798
674
612
616
594
563
467
462
408
526
546
549
493
439
429
496
559
574
513
537
480
534
421
448
471
446
523
436
576
474
419
465
492
422
558
472
435
409
461
510
424
487
498
589
506
586
518
532
488
587
505
580
547
528
527
497
473
449
590
440
417
402
433
588
406
415
401
543
477
560
551
592
516
525
530
598
555
508
573
579
529
495
494
539
464
430
544
447
418
426
507
521
582
400
522
531
458
577
428
454
403
552
414
499
538
511
491
459
570
482
514
581
556
478
457
404
571
442
479
561
564
501
413
444
515
490
410
489
405
548
566
481
569
453
475
450
469
584
567
452
476
407
524
486
468
562
427
463
451
504
425
437
591
593
541
545
575
596
483
484
411
420
423
434
470
443
365
287
239
299
201
222
231
234
278
224
300
256
302
311
309
323
223
254
213
333
276
395
303
364
209
206
334
308
318
250
338
370
315
326
297
374
268
202
348
369
321
353
301
286
245
356
236
367
255
310
324
339
259
375
281
264
381
243
307
207
260
378
248
226
350
294
257
305
274
371
319
208
355
349
379
331
384
377
261
249
295
316
352
251
394
342
293
359
383
270
368
314
218
235
291
327
252
267
216
393
345
215
280
343
388
269
306
240
332
389
357
399
362
340
376
313
386
341
366
262
247
304
290
325
214
205
344
220
242
284
392
390
228
225
246
372
391
288
271
229
237
335
238
298
358
398
373
312
233
241
211
296
265
385
263
244
219
253
285
275
329
354
21
135
199
127
114
83
172
90
18
149
186
48
73
142
59
153
37
188
95
185
96
36
1
6
17
64
30
69
44
62
72
192
32
97
117
75
167
165
26
181
34
8
137
5
132
161
129
102
112
29
182
178
154
2
98
40
196
144
189
63
170
162
4
85
88
60
133
166
109
94
163
61
191
111
54
164
145
86
130
183
47
143
128
10
80
184
179
14
13
9
158
121
81
28
148
150
151
71
134
52
42
118
33
7
93
108
116
100
41
49
103
15
50
141
176
193
55
101
113
122
53
38
140
159
147
106
173
27
78
89
20
25
56
160
155
175
66
136
139
35
67
65
146
57
99
19
0
3
51
84
58
16
82
110
115
123
138
194
195
177
46
12
