1025
1097
1086
1010
1125
1042
1093
1111
1151
1000
1142
1152
1199
1112
1102
1109
1003
1036
935
955
922
988
920
996
941
931
868
904
956
832
981
862
839
887
813
800
646
718
667
615
798
738
750
689
652
634
687
776
709
692
760
706
697
685
441
426
428
434
579
486
466
515
472
496
485
591
457
584
400
546
470
444
349
278
275
316
296
363
339
283
230
255
310
298
388
262
342
205
297
314
198
37
73
193
173
53
89
6
103
64
192
61
86
70
120
81
25
72
1183
1069
1022
1188
1107
1043
1132
1076
1165
1173
1184
1048
1015
1081
1011
1070
1033
1071
1029
1040
963
906
947
885
804
854
846
979
864
826
889
918
890
961
987
945
914
851
861
971
626
644
769
749
635
655
783
703
715
647
729
751
752
677
728
678
724
736
755
735
465
590
545
588
494
420
577
514
452
573
418
597
436
476
556
422
589
498
594
532
228
321
287
305
313
220
383
328
358
371
307
377
215
281
340
351
330
354
326
323
80
84
94
149
142
185
69
122
187
32
181
171
39
82
151
175
3
97
74
95
1145
1049
1170
1073
1006
1031
1079
1144
1082
1059
1196
1080
1104
1169
1124
1039
1099
1115
1198
1094
1005
1095
1004
1068
1182
1054
1136
1034
1067
1096
1158
1008
1123
1072
1153
1164
1100
1077
1032
1163
1020
1193
1181
1166
1021
1058
1016
1045
1065
1074
1024
1187
1088
1172
1051
1194
1154
1063
1116
1148
1061
1018
1110
1161
1078
1167
1121
1168
1135
1114
1162
1129
1118
1090
1026
1053
1030
1028
1119
1143
1149
1084
1191
1060
1157
1044
1007
1138
1176
1175
1180
1155
1178
1156
1159
1113
1027
1150
1012
1105
1098
1014
1189
1128
1019
1126
1089
1091
1141
1038
1134
1160
1057
1195
1185
1092
1190
1001
1002
1037
1108
1066
1055
1171
1047
1062
1127
1009
1192
1101
1139
1035
1146
1117
1056
1174
1197
1147
1013
1023
1050
1186
1137
1131
1041
1052
1064
1087
1085
1046
1017
1177
1130
1140
1106
1133
1075
1120
1179
1083
1122
1103
817
992
869
969
897
938
875
933
943
972
908
984
907
822
916
948
821
833
928
953
814
900
964
985
989
830
870
944
973
828
871
847
843
965
911
845
879
976
930
812
895
823
872
910
934
859
877
809
960
816
867
950
952
977
882
899
893
857
853
917
921
806
994
995
824
896
819
874
808
903
835
946
898
883
936
888
848
999
894
957
967
970
873
966
836
927
951
878
852
820
998
880
993
884
962
866
982
855
925
949
892
986
856
968
844
975
980
802
834
827
803
990
958
959
942
919
929
858
997
849
924
825
913
860
978
842
912
815
841
905
850
818
801
991
974
863
923
901
983
915
954
865
926
810
829
902
840
939
940
805
881
837
932
886
811
831
876
937
891
909
807
838
643
664
784
602
707
777
757
732
717
766
785
714
604
661
746
619
609
710
767
618
694
780
639
684
713
701
773
799
708
660
653
623
658
768
774
645
640
705
670
665
737
641
786
666
721
611
693
632
762
756
778
702
743
649
775
648
788
793
625
740
770
663
613
657
759
628
722
742
616
739
633
698
734
797
605
659
796
696
624
716
679
765
636
779
711
781
748
683
691
699
681
672
719
764
733
673
791
723
753
668
725
612
621
662
610
745
727
795
744
758
682
771
712
608
731
763
747
704
603
631
772
600
654
656
627
754
622
790
674
630
676
638
671
637
601
617
690
642
789
614
730
629
680
686
650
761
695
669
607
720
700
675
792
606
741
651
620
726
787
794
688
782
562
490
552
437
511
536
489
571
587
423
425
413
518
539
567
455
542
478
581
563
443
555
445
414
421
468
493
456
557
578
570
458
407
471
599
474
424
454
502
527
585
430
565
448
508
427
499
530
479
417
593
521
568
575
416
405
531
492
504
484
507
534
554
528
551
440
550
409
475
411
503
506
482
433
403
450
480
459
566
435
543
505
453
535
523
533
520
547
549
510
419
517
598
406
519
509
429
491
487
442
560
415
463
462
431
595
460
529
467
559
548
500
477
473
576
596
569
402
449
464
574
469
481
516
522
541
401
553
582
497
526
495
501
544
564
586
439
525
461
451
404
561
438
410
408
488
558
580
513
447
583
540
412
572
446
538
432
483
592
537
512
524
273
276
237
353
249
325
392
373
309
374
272
355
280
245
399
341
284
250
269
206
350
288
381
346
364
207
336
333
248
209
356
315
395
292
233
345
319
303
221
289
318
277
241
238
232
332
216
308
329
223
348
334
261
203
369
300
213
394
259
352
393
385
239
338
218
227
299
378
222
231
361
243
282
271
224
225
267
382
293
311
380
398
320
204
384
379
335
256
268
235
322
285
302
389
337
324
274
252
367
344
270
331
317
301
359
396
229
266
211
246
279
327
254
375
240
210
357
294
391
208
212
387
253
362
226
263
217
242
291
200
234
390
304
214
372
247
290
312
201
376
368
295
202
343
251
397
264
347
265
370
244
236
257
306
365
286
260
360
258
366
386
219
20
126
190
28
1
109
78
54
113
96
188
9
197
166
66
35
8
143
186
118
33
176
164
50
145
161
135
4
14
184
91
153
146
169
29
17
27
57
115
44
31
154
124
150
111
116
45
21
13
141
159
7
58
170
158
75
152
63
12
30
105
47
189
155
177
131
36
22
144
160
119
16
179
68
55
174
183
123
100
67
15
162
56
92
90
130
112
60
191
165
99
128
168
125
34
85
51
79
98
140
40
157
0
42
19
136
133
121
88
127
24
110
196
62
147
195
114
137
104
52
93
178
49
129
23
167
148
134
76
182
101
38
107
172
48
138
132
83
108
59
41
11
71
117
26
65
199
102
77
10
139
194
106
18
87
163
46
5
2
43
180
156
