1096
1068
1107
1030
1080
1056
1007
1154
1039
1066
1076
1072
1024
1085
1018
1029
1061
1006
829
970
988
922
943
831
864
984
965
977
873
917
999
887
918
973
897
921
720
651
771
759
693
753
749
723
733
785
688
674
712
696
782
725
767
719
424
452
474
597
564
514
557
475
408
535
436
521
493
423
412
487
572
510
356
348
281
210
368
325
207
295
380
349
250
237
309
373
209
351
364
235
110
141
158
51
53
154
87
75
104
15
182
56
76
114
102
188
128
41
1186
1041
1179
1023
1147
1177
1121
1055
1074
1015
1112
1081
1150
1052
1017
1175
1049
1157
1123
1004
993
939
849
955
929
840
942
934
902
975
814
998
911
832
889
967
898
945
956
928
607
616
787
708
797
659
775
671
774
738
744
764
640
737
678
663
627
645
650
757
567
575
577
562
526
437
469
446
463
555
406
509
568
413
444
513
511
415
582
583
390
233
297
204
211
254
246
384
226
236
231
321
360
381
223
318
272
248
240
213
111
119
152
133
109
19
167
79
147
140
107
72
12
166
157
45
145
131
54
186
1192
1156
1151
1142
1195
1032
1070
1118
1114
1036
1033
1102
1077
1035
1064
1020
1012
1073
1011
1184
1126
1193
1162
1022
1122
1185
1000
1104
1051
1088
1191
1046
1092
1003
1082
1188
1034
1127
1178
1090
1132
1002
1069
1091
1013
1050
1139
1144
1109
1171
1113
1027
1158
1190
1065
1136
1097
1095
1103
1143
1137
1043
1047
1009
1062
1141
1196
1083
1084
1101
1057
1155
1163
1199
1086
1138
1099
1135
1100
1176
1111
1010
1054
1071
1166
1120
1159
1187
1116
1045
1181
1117
1149
1119
1182
1125
1079
1168
1131
1167
1058
1180
1019
1028
1014
1198
1042
1094
1078
1089
1067
1170
1016
1021
1060
1134
1059
1183
1145
1005
1008
1164
1001
1194
1098
1146
1053
1161
1124
1106
1133
1189
1105
1197
1173
1037
1169
1172
1128
1093
1174
1129
1148
1040
1025
1075
1153
1108
1130
1087
1165
1115
1063
1048
1110
1160
1140
1038
1044
1152
1031
1026
919
983
888
996
986
823
908
890
869
810
894
813
920
824
974
899
819
845
900
860
990
991
863
884
995
937
886
818
906
958
914
923
851
947
846
896
809
842
980
972
835
806
850
952
936
848
862
893
871
858
857
903
895
847
997
949
807
817
811
961
872
989
826
892
853
843
870
941
852
867
841
836
959
822
994
916
907
838
927
957
969
932
925
827
856
816
946
891
938
855
913
901
885
981
985
802
951
878
866
953
992
875
808
963
876
825
881
861
877
904
815
968
805
883
800
910
926
905
954
909
971
979
948
839
837
833
854
966
801
828
976
803
844
865
912
859
820
879
940
812
931
882
944
960
930
880
964
978
987
915
933
982
950
924
868
935
834
830
804
874
821
962
779
680
666
611
707
667
625
769
670
729
603
695
629
661
623
647
742
617
654
799
727
732
713
689
739
756
652
618
619
746
657
682
665
660
765
621
632
781
773
752
703
715
636
635
728
620
687
722
662
784
633
731
638
798
748
604
772
690
684
717
672
778
741
795
777
743
614
701
641
612
751
649
705
714
711
760
648
668
735
750
791
602
658
631
704
766
747
762
681
758
624
734
699
794
768
755
776
789
643
786
783
745
601
793
644
692
683
792
691
740
694
608
628
763
709
702
724
655
770
761
796
697
790
634
676
613
622
736
639
605
721
700
706
754
718
646
609
673
730
615
679
653
637
686
788
656
716
677
664
698
642
600
780
726
630
685
710
675
669
606
610
626
405
416
576
529
430
580
497
578
585
574
456
506
461
404
466
418
590
524
465
556
457
468
546
558
449
432
454
596
569
470
537
492
522
428
554
553
540
472
464
422
536
502
462
538
505
516
520
439
435
481
477
403
595
563
543
501
534
547
545
531
599
491
507
549
525
565
402
450
483
494
581
518
411
431
459
420
419
587
571
473
586
427
591
489
433
570
566
443
482
485
448
539
440
530
479
407
515
550
441
552
498
592
417
579
409
542
438
414
486
499
480
528
458
588
401
488
496
532
467
425
508
503
410
484
460
527
495
434
504
551
447
548
490
445
541
598
442
519
455
451
573
400
560
429
478
421
426
471
584
544
593
533
523
559
561
589
453
500
476
517
512
594
317
224
247
259
320
324
394
329
262
208
362
219
312
372
222
366
326
251
252
378
277
389
345
304
290
283
291
278
294
331
340
354
243
323
241
298
328
344
375
266
358
284
227
301
343
228
242
201
311
330
319
203
274
225
230
377
398
355
316
300
263
265
397
350
200
296
287
299
269
347
334
370
363
238
229
270
308
286
388
339
382
302
352
253
338
383
292
268
315
261
303
305
313
342
374
337
282
307
336
285
379
289
293
258
310
387
392
367
273
322
220
216
395
371
256
275
341
279
217
393
333
245
332
267
357
399
288
391
306
264
215
212
271
361
376
249
202
396
260
257
365
276
205
353
239
314
232
221
327
385
335
214
255
359
218
369
346
280
244
206
234
386
32
65
64
74
63
40
192
121
194
99
25
95
164
85
126
169
33
77
60
177
178
118
113
170
10
155
88
21
184
163
101
103
100
89
146
22
9
62
70
29
125
148
50
199
2
42
93
34
71
82
173
18
98
195
38
191
16
69
23
20
144
153
136
181
142
134
122
171
37
46
115
174
106
129
6
165
39
48
7
180
198
0
1
127
124
14
159
185
90
43
175
130
160
197
57
55
105
139
151
36
8
47
27
116
138
168
3
176
11
17
67
96
61
5
132
120
44
80
183
26
137
108
123
66
150
172
156
190
97
58
112
28
31
4
52
73
94
78
143
30
84
24
91
83
49
135
189
81
149
68
187
35
117
162
86
193
196
59
161
92
179
13
