1166
1119
1072
1102
1025
1139
1179
1198
1153
1165
1125
1069
1019
1114
1195
1115
1127
1136
844
851
923
993
904
901
995
905
855
845
994
893
956
833
850
890
964
822
629
749
755
788
774
741
784
617
620
698
621
746
605
712
696
674
760
737
510
518
544
519
431
425
434
440
494
581
523
557
457
599
473
404
514
462
322
243
335
352
379
336
349
233
207
219
333
265
347
302
351
249
398
338
128
49
147
126
80
178
154
144
81
47
51
25
185
173
72
136
0
166
1135
1160
1170
1178
1043
1054
1005
1033
1035
1191
1011
1112
1120
1070
1039
1093
1037
1034
1141
1117
813
967
884
887
926
895
878
973
858
860
984
916
869
950
944
828
947
846
935
965
688
703
751
753
758
638
725
791
618
700
704
633
641
745
676
631
740
603
697
639
564
534
475
413
484
439
598
537
488
549
556
548
513
540
573
580
563
597
584
436
390
288
258
297
281
278
204
375
261
287
220
395
356
377
362
222
345
392
206
230
101
59
56
92
156
152
63
98
36
189
132
11
38
177
78
114
150
85
107
109
1171
1183
1042
1168
1064
1196
1067
1027
1097
1126
1053
1156
1145
1047
1184
1164
1020
1086
1095
1142
1188
1182
1113
1137
1130
1194
1060
1138
1154
1091
1074
1143
1173
1111
1099
1197
1163
1174
1096
1076
1107
1077
1084
1098
1048
1133
1147
1080
1009
1055
1162
1167
1024
1193
1032
1030
1010
1085
1036
1045
1132
1116
1081
1161
1101
1052
1087
1131
1022
1051
1157
1050
1118
1106
1038
1124
1177
1018
1068
1192
1144
1158
1122
1176
1169
1040
1181
1103
1134
1057
1148
1065
1105
1189
1129
1199
1172
1083
1073
1075
1061
1078
1059
1190
1186
1090
1044
1046
1003
1128
1058
1089
1066
1185
1151
1123
1056
1014
1002
1023
1026
1159
1187
1094
1110
1092
1004
1071
1150
1007
1152
1109
1146
1140
1017
1149
1100
1028
1016
1029
1062
1000
1013
1079
1082
1180
1063
1155
1175
1108
1041
1001
1031
1049
1088
1008
1021
1015
1012
1006
1121
1104
911
867
917
835
979
854
959
811
978
952
821
968
955
953
977
838
820
876
960
868
970
983
824
898
937
857
933
906
951
918
974
931
870
889
934
840
873
903
925
804
900
826
946
963
975
891
924
885
976
910
939
962
814
943
877
982
806
998
996
909
802
899
941
874
859
856
853
942
930
940
819
805
852
971
849
888
966
985
836
882
863
841
969
801
920
896
991
988
800
948
936
825
827
829
803
912
810
989
862
808
871
817
913
843
839
883
830
997
999
881
919
932
957
908
832
879
907
892
928
980
921
922
807
865
915
902
823
847
972
949
809
864
818
894
861
992
987
990
886
929
812
872
945
927
848
866
842
954
981
837
831
897
986
961
875
914
834
880
815
938
816
958
659
695
710
683
715
606
785
779
759
628
783
682
701
634
657
747
612
615
762
692
739
693
797
658
793
718
655
730
654
689
661
722
777
787
660
768
636
780
699
672
624
719
623
720
685
706
646
684
664
789
773
652
656
643
653
795
742
647
771
670
607
769
763
677
665
729
714
609
675
731
798
671
775
627
761
794
716
709
686
635
727
649
754
608
756
790
707
772
666
734
625
750
757
694
645
752
667
668
613
767
610
600
781
705
679
651
680
770
642
662
702
717
681
736
708
796
644
782
690
748
663
765
626
776
616
648
721
711
619
792
726
632
744
732
630
614
733
799
640
764
738
650
601
743
691
735
678
602
786
724
728
669
778
637
611
723
604
673
766
622
687
713
512
571
433
432
553
583
461
528
493
526
470
532
543
533
545
492
497
401
467
408
438
466
506
416
527
463
570
587
554
443
458
485
498
585
539
419
487
503
403
507
420
500
418
477
568
429
496
435
531
481
479
410
591
555
400
422
469
476
552
575
567
444
542
582
445
578
472
547
446
517
421
406
407
561
516
520
592
414
505
577
536
451
525
594
455
441
489
459
430
405
565
558
590
572
442
596
576
530
454
424
483
411
551
586
521
412
456
560
450
452
538
417
499
559
562
474
589
508
579
449
490
566
502
482
515
546
448
478
428
423
529
415
501
402
437
453
535
486
471
550
524
460
480
427
464
595
465
588
509
447
593
495
522
491
511
541
409
569
468
426
574
504
228
295
344
363
307
284
341
326
391
217
248
229
215
393
260
254
264
337
214
308
317
289
208
368
252
250
315
212
298
203
310
346
239
267
359
275
350
365
282
330
272
257
276
202
247
342
241
382
324
246
369
378
270
386
309
320
301
334
277
223
274
353
210
374
294
348
255
364
312
285
268
358
332
226
235
234
328
367
316
293
279
205
339
360
355
361
262
291
253
211
323
384
311
397
286
209
327
394
331
299
231
385
396
245
318
366
242
236
313
218
259
319
340
381
372
304
387
216
389
399
371
225
280
221
329
306
290
300
370
256
343
314
283
227
383
232
266
238
200
373
273
354
296
321
251
271
357
380
237
305
303
240
269
376
263
325
213
292
244
388
201
224
158
30
110
2
117
151
99
70
95
6
171
165
76
121
108
182
187
4
32
192
84
68
191
133
58
193
160
19
172
125
179
22
196
174
41
27
46
105
42
149
131
89
53
134
74
29
103
17
73
141
37
16
118
88
175
146
197
18
157
104
40
183
50
170
188
44
119
198
91
94
21
31
87
111
163
23
75
122
24
190
12
64
116
28
69
180
127
10
199
20
140
83
142
57
181
45
168
113
67
71
159
155
5
129
164
137
195
61
13
100
115
106
93
176
14
8
65
1
161
112
184
60
82
186
167
62
145
139
130
43
169
123
96
135
9
138
26
97
143
148
35
55
48
77
194
120
7
79
52
54
162
86
34
33
153
15
102
3
66
39
90
124
