1162
1026
1051
1076
1109
1195
1178
1111
1021
1040
1020
1155
1101
1157
1039
1110
1055
1143
989
854
959
837
880
958
836
856
894
962
810
824
851
862
973
961
808
933
621
749
764
649
772
659
687
771
785
681
654
629
651
674
628
665
696
698
400
451
432
495
458
587
474
539
463
486
575
424
426
469
577
412
520
537
208
301
364
393
333
391
243
335
279
390
253
202
376
343
357
348
309
291
37
73
45
100
99
55
118
58
137
167
29
150
22
98
121
47
50
35
1097
1170
1053
1121
1196
1044
1022
1146
1054
1124
1042
1034
1194
1085
1059
1140
1131
1087
1134
1133
925
981
923
931
885
943
944
907
926
869
811
853
950
804
998
803
814
924
963
906
692
735
726
733
643
754
683
765
760
713
607
737
638
603
663
725
783
778
730
768
558
455
440
483
499
588
567
591
472
534
433
509
407
446
561
569
462
494
568
467
249
283
263
358
297
241
258
250
340
240
374
233
228
203
220
269
392
205
386
385
180
96
192
76
69
89
198
183
184
3
158
108
119
126
146
87
156
68
176
131
1016
1118
1095
1067
1070
1182
1147
1088
1006
1175
1179
1025
1120
1072
1046
1163
1125
1149
1029
1075
1171
1019
1024
1071
1128
1089
1004
1104
1098
1183
1185
1030
1135
1069
1009
1129
1142
1148
1035
1007
1145
1031
1141
1010
1153
1078
1186
1114
1166
1065
1014
1119
1081
1107
1008
1190
1015
1126
1164
1176
1063
1191
1036
1045
1003
1127
1017
1161
1043
1041
1187
1023
1066
1173
1130
1136
1077
1086
1082
1165
1138
1180
1158
1177
1092
1047
1106
1060
1028
1090
1096
1002
1000
1152
1154
1100
1193
1113
1168
1188
1112
1033
1068
1048
1050
1144
1156
1132
1038
1061
1105
1049
1102
1123
1094
1079
1199
1056
1169
1115
1189
1064
1091
1005
1001
1160
1197
1150
1093
1116
1057
1074
1080
1198
1052
1084
1103
1174
1117
1058
1037
1027
1122
1013
1018
1159
1184
1192
1137
1062
1012
1083
1181
1151
1073
1099
1172
1011
1139
1032
1108
1167
953
895
821
939
816
826
844
873
965
802
992
890
874
891
912
892
875
908
888
971
984
806
913
831
801
990
871
934
823
918
881
999
946
878
947
970
848
830
847
985
809
838
915
899
976
815
819
903
936
840
964
832
882
982
995
886
929
898
857
879
884
979
957
800
938
818
988
850
825
978
997
893
914
919
922
864
846
828
917
909
954
866
937
901
940
852
813
974
896
955
835
977
872
902
860
972
876
916
829
870
855
967
807
935
827
928
900
805
975
817
849
861
945
980
833
845
883
887
865
877
968
859
951
910
858
843
993
863
987
991
868
966
986
911
841
920
842
822
905
983
949
889
867
927
994
969
839
812
948
942
904
932
960
941
897
921
996
956
834
820
930
952
714
795
655
648
763
767
792
798
625
727
633
712
635
769
755
718
797
779
623
796
790
684
658
761
747
691
723
707
685
780
742
781
758
746
794
640
722
731
753
613
693
709
708
705
612
615
650
646
739
729
720
759
619
719
777
641
657
662
784
717
636
703
686
617
710
738
732
639
606
734
716
724
744
608
704
644
788
604
679
630
706
688
614
673
697
799
660
656
632
622
736
677
601
791
600
728
680
634
701
775
751
787
700
618
770
756
626
776
664
678
793
647
782
627
670
602
666
689
715
672
661
743
740
668
682
620
773
690
610
752
667
616
699
652
721
757
695
789
675
671
624
741
653
611
605
694
676
702
669
748
631
745
750
786
766
642
711
645
774
762
609
637
583
572
521
492
519
543
442
473
410
580
452
448
421
540
579
512
428
584
530
518
582
595
415
511
461
482
457
547
590
541
459
431
438
408
544
571
503
478
550
425
553
594
422
599
524
525
449
453
443
504
456
529
545
506
536
465
565
416
427
434
497
441
490
491
447
507
404
480
498
523
531
559
557
409
405
556
576
551
562
423
502
470
555
420
573
481
596
528
533
510
401
532
430
484
439
515
578
597
402
493
522
527
566
500
477
435
538
417
548
598
592
476
464
549
466
581
414
496
508
485
554
429
552
546
560
468
418
564
535
436
419
517
516
585
471
406
513
460
475
450
514
487
488
574
454
444
570
403
526
479
593
542
501
437
589
445
586
505
489
413
563
411
272
217
398
254
325
356
201
324
382
271
252
200
355
290
312
326
319
330
368
276
379
321
226
260
239
334
397
344
281
387
365
373
299
381
246
277
244
247
251
395
383
298
261
396
213
353
289
306
341
303
285
264
371
274
229
215
304
219
316
318
230
388
317
350
336
377
248
311
307
268
337
389
323
367
329
288
235
366
270
273
267
331
257
265
286
346
216
256
222
280
352
354
255
224
218
242
361
284
232
342
372
262
296
338
294
363
345
227
223
207
378
375
347
328
275
315
370
332
238
210
206
245
380
399
349
292
362
282
236
308
302
360
394
351
359
300
266
369
209
234
212
211
237
214
339
314
225
293
310
278
295
221
313
204
287
231
384
259
305
320
322
327
196
191
19
12
62
81
38
75
60
194
74
6
72
52
61
140
195
10
160
20
77
13
49
101
7
127
103
172
80
59
113
112
15
165
151
116
25
34
135
8
162
65
0
67
185
193
2
79
144
53
48
123
170
93
169
78
163
136
39
122
171
66
149
164
16
138
128
188
70
54
132
134
4
28
115
125
107
139
84
31
24
1
82
155
190
11
88
177
110
26
159
182
42
56
130
141
105
157
51
14
33
102
21
174
36
147
175
133
114
57
9
152
23
168
186
161
124
111
199
46
44
154
90
97
63
95
40
32
178
104
86
145
64
27
142
179
120
85
153
94
166
189
173
17
5
148
106
71
43
197
109
30
181
41
18
187
143
91
83
92
129
117
