1116
1003
1014
1084
1144
1163
1098
1087
1133
1109
1159
1030
1145
1072
1166
1055
1199
1165
975
944
940
994
905
946
813
834
836
865
967
854
926
939
983
816
850
876
787
724
648
728
670
702
704
734
714
731
774
684
790
786
639
710
778
693
547
485
409
597
403
461
569
429
545
462
437
468
453
411
598
408
508
500
360
205
239
296
319
265
303
379
361
203
224
228
241
372
332
369
214
375
36
119
140
134
54
197
145
187
77
123
55
142
45
115
30
117
46
186
1158
1120
1178
1194
1105
1013
1197
1092
1065
1026
1061
1006
1034
1100
1067
1038
1148
1154
1131
1064
809
819
883
880
945
843
853
845
888
934
864
930
808
916
818
932
977
811
860
982
633
691
642
730
723
658
689
603
757
613
632
713
673
688
606
630
608
749
656
760
440
510
522
473
582
588
541
553
404
499
543
532
494
577
528
449
525
483
475
574
208
200
356
343
272
283
311
231
275
339
276
253
282
257
391
238
334
201
316
287
108
148
156
153
167
170
125
118
137
169
182
120
185
121
83
65
84
73
12
107
1124
1085
1181
1130
1115
1031
1132
1071
1192
1126
1110
1012
1082
1010
1168
1022
1069
1054
1104
1191
1119
1090
1193
1108
1106
1174
1063
1123
1125
1005
1041
1035
1190
1171
1184
1044
1028
1196
1095
1187
1032
1029
1128
1086
1138
1113
1097
1137
1011
1127
1023
1111
1027
1076
1156
1075
1118
1017
1151
1140
1046
1172
1009
1160
1164
1155
1033
1179
1186
1122
1182
1169
1019
1025
1037
1083
1099
1198
1058
1177
1057
1161
1047
1040
1141
1077
1062
1135
1068
1093
1008
1045
1066
1121
1070
1080
1000
1074
1078
1024
1059
1050
1049
1114
1170
1142
1004
1102
1152
1056
1180
1149
1015
1002
1073
1150
1139
1081
1091
1134
1048
1107
1147
1153
1021
1117
1173
1176
1162
1136
1188
1167
1007
1060
1183
1016
1146
1175
1143
1001
1189
1039
1052
1101
1103
1043
1129
1089
1020
1112
1051
1018
1053
1042
1096
1195
1079
1036
1088
1185
1094
1157
980
985
844
879
870
949
881
959
830
856
894
885
964
996
903
855
842
965
812
935
835
933
907
895
882
924
922
877
803
938
995
810
993
823
986
840
837
978
805
899
908
942
901
822
936
958
839
952
961
846
911
801
867
915
998
909
868
806
825
984
841
912
848
804
892
904
920
898
956
990
962
821
960
927
989
824
829
947
988
981
886
973
950
941
925
859
889
878
953
918
862
919
857
928
852
817
875
900
997
917
987
910
951
931
869
929
828
991
874
972
861
814
849
943
815
896
802
807
891
858
937
974
979
992
872
921
871
913
826
969
954
914
955
873
923
833
963
948
970
851
957
971
863
893
838
847
820
866
800
968
887
906
884
890
831
832
999
827
966
902
976
897
601
718
676
669
655
640
722
739
788
638
725
737
773
619
652
654
615
692
614
765
687
698
782
716
748
783
600
771
752
753
609
649
744
708
662
706
742
653
699
679
617
624
628
727
622
664
631
607
759
777
762
776
696
682
674
715
645
647
610
784
745
770
793
763
791
756
690
605
637
775
732
707
764
634
680
789
761
683
799
671
621
604
685
620
651
686
733
677
709
665
758
663
738
719
743
646
729
618
616
625
602
694
741
667
703
769
721
661
657
794
627
735
623
712
740
792
781
678
695
636
644
785
720
798
660
754
705
726
717
768
675
795
751
666
750
659
626
746
780
611
755
681
711
700
796
772
797
668
747
643
612
779
635
766
629
650
641
767
736
697
701
672
476
412
505
478
562
517
443
460
566
503
559
583
455
554
523
470
550
514
496
568
592
575
400
563
537
472
414
512
531
540
479
426
425
518
548
432
501
417
447
489
490
571
491
573
513
526
424
595
454
436
581
544
452
406
435
420
546
434
431
444
428
585
534
521
482
506
567
486
502
587
474
407
421
423
578
580
524
433
557
464
564
439
416
401
558
536
487
591
584
542
565
572
497
465
593
539
533
471
446
586
594
556
488
466
538
511
519
520
419
448
413
467
451
495
456
418
459
551
438
415
477
457
481
579
442
458
590
515
493
535
576
430
410
570
596
561
599
552
549
527
441
450
469
516
480
529
484
498
530
555
560
445
402
427
509
422
492
589
463
507
504
405
225
328
399
243
280
307
216
269
212
306
349
371
281
315
268
309
304
351
202
217
256
218
221
392
210
273
213
277
381
274
384
263
324
204
222
270
322
254
266
370
249
350
259
209
331
320
219
255
353
376
388
227
312
367
374
252
327
358
207
359
300
230
240
299
380
301
297
363
295
251
354
314
386
352
284
325
389
293
396
344
382
223
250
292
323
285
286
229
348
330
390
310
383
258
298
394
393
362
338
313
342
377
346
355
317
373
326
378
206
308
235
294
236
289
318
368
246
247
288
302
321
260
226
387
290
397
220
333
211
305
248
398
244
385
340
278
237
347
242
261
341
245
365
262
345
366
291
336
395
357
337
279
267
264
271
234
329
233
232
364
215
335
193
180
127
161
2
26
71
138
24
18
143
100
19
8
135
21
6
67
192
198
4
58
146
116
97
27
25
150
168
48
9
86
93
14
159
10
157
199
3
165
39
171
144
57
50
105
37
104
80
183
176
94
128
38
69
41
87
63
82
61
53
11
109
179
122
110
43
160
44
95
16
129
194
22
164
151
177
124
195
47
90
162
149
42
99
181
51
5
35
96
7
130
126
91
92
75
158
23
139
52
132
85
34
106
79
62
189
32
20
163
68
72
136
56
184
15
66
141
191
103
196
112
111
190
13
88
31
76
152
40
1
133
81
78
60
33
74
49
28
188
102
172
173
155
131
178
98
114
89
175
166
59
154
174
113
17
147
0
64
70
101
29
