1065
1193
1090
1186
1134
1156
1061
1130
1175
1014
1118
1026
1021
1001
1183
1165
1124
1078
856
871
973
827
981
808
988
831
906
880
914
853
966
919
900
821
972
910
626
615
707
685
795
661
607
768
670
777
608
784
791
780
789
776
622
684
562
422
525
493
467
576
559
599
568
413
506
431
439
590
544
437
508
522
391
296
250
283
262
271
247
264
335
320
217
359
284
221
239
366
297
251
174
11
67
103
120
124
47
165
76
148
75
27
109
33
17
145
44
132
1139
1064
1095
1045
1050
1034
1161
1104
1150
1144
1142
1121
1185
1107
1031
1097
1192
1085
1054
1022
998
816
839
985
848
834
968
845
918
884
958
854
951
945
930
810
971
817
838
947
604
748
690
602
778
642
760
764
729
701
792
627
742
749
637
634
719
650
738
734
501
542
435
445
536
418
589
569
547
518
549
583
555
463
591
429
520
408
423
405
383
253
236
384
397
349
246
389
227
307
224
267
201
395
288
387
386
276
396
278
151
79
86
117
110
150
173
153
82
88
74
40
59
25
23
66
84
22
177
169
1012
1195
1114
1173
1037
1181
1180
1145
1093
1049
1086
1082
1131
1132
1123
1017
1194
1143
1199
1190
1170
1153
1051
1136
1103
1128
1189
1138
1083
1058
1004
1151
1191
1046
1019
1198
1011
1141
1023
1013
1020
1187
1160
1115
1179
1033
1166
1030
1025
1059
1055
1188
1100
1043
1024
1056
1039
1111
1106
1098
1196
1074
1015
1137
1148
1089
1147
1113
1092
1076
1006
1146
1068
1102
1101
1099
1116
1036
1062
1077
1063
1152
1120
1047
1172
1178
1071
1157
1109
1016
1087
1197
1110
1003
1072
1027
1096
1060
1167
1088
1135
1066
1040
1035
1126
1094
1075
1069
1091
1122
1171
1038
1048
1164
1067
1081
1108
1105
1182
1112
1052
1080
1032
1041
1159
1155
1018
1119
1133
1176
1158
1149
1002
1070
1073
1057
1154
1168
1007
1053
1044
1184
1084
1169
1079
1129
1117
1140
1162
1008
1174
1177
1005
1010
1009
1127
1029
1000
1163
1028
1042
1125
995
976
949
885
865
927
936
814
954
860
979
876
903
915
823
999
908
955
861
806
983
875
941
967
926
864
842
939
953
882
818
893
803
899
978
920
935
970
891
902
802
841
946
855
858
960
924
862
925
897
940
923
938
904
812
805
847
889
801
820
928
829
851
944
931
921
846
819
977
857
964
974
991
886
843
836
965
989
849
962
996
872
870
963
905
811
859
948
807
969
901
984
868
888
922
863
826
980
957
835
911
987
877
990
892
809
830
873
837
852
800
815
909
907
994
878
824
929
850
993
934
881
844
950
804
890
917
959
997
828
832
992
982
937
932
916
961
986
866
912
956
942
822
869
840
874
879
833
975
825
933
887
895
813
883
913
896
952
867
894
898
943
655
678
716
682
726
618
765
614
658
706
750
600
676
643
702
606
752
720
653
612
603
667
639
727
681
797
799
767
790
762
731
679
610
605
692
793
755
616
773
785
714
722
757
697
666
758
798
620
640
759
754
700
696
635
747
721
710
641
632
779
705
703
617
686
718
723
709
783
730
652
695
772
664
711
741
699
786
645
724
656
761
644
691
623
660
725
601
662
769
744
625
775
647
743
629
694
675
708
611
751
698
740
728
770
787
672
638
745
704
680
651
774
674
636
781
673
796
782
671
654
677
736
733
659
771
628
621
739
794
665
732
746
669
688
687
737
756
649
648
717
668
631
657
766
712
715
689
713
763
633
619
663
646
788
613
735
609
753
624
630
683
693
416
409
546
461
483
444
456
510
438
447
499
465
479
474
497
596
513
581
475
572
464
482
425
446
411
517
440
548
458
430
532
521
426
579
468
498
433
488
570
593
495
567
404
448
505
573
597
553
543
406
575
502
476
560
485
470
545
421
537
529
428
478
500
496
594
451
401
486
490
432
566
494
511
407
550
450
524
427
561
410
457
523
492
554
449
565
535
527
512
526
586
580
454
415
534
442
436
462
473
587
515
539
402
533
472
540
585
419
471
577
588
509
558
481
503
414
455
584
592
578
443
484
563
556
507
403
480
412
516
453
452
460
595
491
598
489
551
528
582
477
541
487
420
574
417
441
400
531
538
552
469
519
571
514
530
564
459
424
434
557
466
504
321
274
380
279
240
257
351
228
364
270
238
388
254
301
226
338
235
269
214
266
379
308
325
371
302
216
275
212
203
365
304
244
356
208
243
357
232
373
223
237
281
299
354
231
339
337
282
345
220
205
245
248
256
324
344
362
317
385
369
306
399
322
370
326
312
292
265
287
277
261
372
316
376
330
353
209
374
347
211
242
309
218
311
343
348
363
206
378
331
280
367
332
215
210
314
310
340
234
219
286
291
313
323
360
263
260
341
342
222
294
268
213
229
249
333
207
390
258
394
204
285
393
225
273
289
255
272
200
355
295
350
241
202
233
230
392
303
328
382
361
293
381
259
327
329
346
315
298
334
319
305
352
300
377
252
398
358
318
368
375
290
336
52
178
43
51
137
159
46
128
63
61
167
116
81
29
3
35
69
39
100
98
91
95
16
156
57
171
186
5
64
68
136
4
118
56
195
158
157
101
36
199
92
161
138
183
187
113
160
188
18
129
125
135
34
121
90
140
181
41
53
115
12
184
96
87
176
19
130
71
54
179
13
97
134
55
48
104
191
152
189
62
10
172
144
37
166
142
72
32
194
6
89
26
114
15
198
49
155
0
45
143
193
77
94
78
170
24
2
122
185
192
147
42
58
1
107
73
127
93
65
112
111
141
21
85
70
7
38
31
162
139
126
175
50
30
105
102
14
163
60
20
106
133
99
28
164
197
149
80
154
131
123
119
83
196
190
108
168
8
182
146
9
180
