1073
1168
1044
1157
1003
1089
1127
1155
1092
1059
1081
1009
1162
1074
1079
1158
1040
1183
859
828
961
935
929
813
816
910
970
856
877
853
840
844
829
940
949
804
793
654
798
714
676
663
702
629
777
723
764
794
614
792
637
669
633
748
519
532
531
470
469
404
412
580
496
444
426
598
556
460
562
452
415
552
384
295
243
255
302
309
245
360
257
251
395
234
226
358
300
379
272
385
134
14
168
25
83
148
197
91
108
6
96
37
4
127
170
44
144
171
1032
1027
1070
1080
1042
1091
1061
1198
1160
1036
1008
1051
1102
1029
1126
1169
1149
1195
1014
1135
893
958
822
836
960
888
918
835
831
801
953
971
936
886
850
906
865
887
902
879
640
675
631
752
770
767
650
774
647
683
783
604
658
736
641
760
674
779
694
615
437
571
406
559
441
471
540
551
524
522
536
541
479
593
493
515
487
446
568
427
317
264
227
285
348
279
238
318
390
213
304
355
242
208
247
377
357
271
253
246
129
7
31
66
198
18
64
155
147
42
177
97
163
146
187
85
193
101
128
63
1134
1119
1100
1176
1188
1094
1122
1186
1050
1068
1067
1034
1105
1161
1072
1164
1084
1037
1045
1085
1108
1143
1185
1112
1020
1116
1128
1187
1054
1058
1124
1078
1137
1199
1191
1028
1047
1046
1140
1153
1033
1152
1025
1110
1120
1139
1023
1031
1106
1118
1138
1175
1021
1181
1095
1113
1193
1132
1048
1179
1087
1196
1121
1056
1063
1172
1165
1146
1071
1053
1173
1049
1041
1012
1147
1178
1043
1006
1076
1010
1057
1154
1065
1184
1052
1171
1166
1156
1022
1016
1159
1117
1066
1017
1083
1142
1170
1189
1093
1194
1141
1151
1182
1103
1145
1088
1150
1002
1004
1038
1111
1013
1104
1167
1096
1197
1101
1011
1129
1099
1123
1075
1024
1035
1019
1144
1114
1039
1190
1018
1109
1060
1077
1090
1000
1174
1192
1163
1115
1030
1107
1125
1130
1097
1007
1055
1098
1069
1005
1148
1131
1026
1086
1180
1001
1064
1133
1136
1177
1082
1015
1062
812
972
851
992
943
914
985
915
907
968
911
905
939
975
950
999
913
832
860
909
890
873
917
857
896
901
825
978
878
954
814
881
997
926
931
987
872
993
811
854
990
849
895
838
818
805
809
817
830
942
934
994
889
974
996
941
858
951
803
863
866
820
957
948
898
819
848
894
847
988
802
871
962
885
922
964
927
855
977
826
867
963
924
808
869
861
884
959
815
899
937
932
883
841
912
980
870
880
956
908
874
823
875
920
892
839
833
824
923
976
979
933
991
837
904
989
834
967
807
852
955
946
938
845
900
969
986
984
806
919
891
965
842
897
928
821
810
983
952
827
995
981
982
903
930
862
876
998
882
800
921
843
868
947
973
945
925
916
966
944
864
846
786
699
766
775
797
679
707
742
638
746
750
690
696
758
609
608
678
623
772
753
756
726
765
600
773
768
791
634
720
706
655
701
687
740
787
782
785
778
646
662
789
729
621
619
684
780
657
693
731
796
749
715
735
788
672
602
759
738
741
630
754
688
611
685
680
607
734
718
743
700
651
717
724
762
739
733
722
639
757
625
790
643
721
727
622
732
725
771
642
661
744
710
689
636
652
755
692
648
620
769
605
745
719
624
704
606
728
617
708
660
667
664
656
705
709
686
649
716
612
610
681
659
682
668
603
799
644
645
713
763
697
665
795
698
677
784
737
635
703
695
673
781
616
712
730
626
751
671
613
601
691
747
670
711
653
628
627
666
632
761
618
776
455
449
475
498
592
579
510
581
523
492
430
481
454
586
459
508
483
435
584
590
407
533
421
561
416
442
591
445
431
578
535
564
588
465
554
507
538
424
525
548
545
583
572
457
485
512
434
558
478
547
575
429
488
411
417
466
489
482
574
526
432
453
439
567
409
502
565
497
518
468
486
570
599
462
414
425
534
596
594
490
436
463
550
530
491
474
544
408
456
569
495
477
503
509
413
555
527
447
514
577
520
542
585
420
405
587
582
537
448
546
597
438
549
419
504
494
589
566
528
573
422
500
553
506
473
458
529
499
560
423
563
557
480
511
433
451
402
513
464
400
450
443
516
517
428
403
461
539
476
410
576
440
595
418
401
521
484
505
472
501
543
467
204
275
386
266
389
307
342
351
289
362
350
235
270
267
305
239
250
364
219
306
298
383
347
249
352
334
331
256
290
233
324
369
344
229
376
354
252
370
396
303
337
345
392
248
397
281
222
398
299
269
312
310
224
244
228
365
359
380
263
297
374
200
205
225
232
231
240
381
276
332
259
311
280
366
201
265
220
372
339
336
215
241
286
391
363
335
393
327
314
202
333
207
203
282
210
343
320
319
294
399
308
217
221
268
260
378
313
293
373
301
261
341
287
346
258
278
284
349
325
296
353
236
368
262
277
326
315
291
375
371
316
322
211
387
209
230
367
237
361
382
340
323
216
214
274
356
254
283
292
388
212
321
223
273
329
288
394
206
330
328
218
338
67
174
34
110
149
136
57
152
30
10
71
47
92
176
184
115
27
24
65
107
88
196
45
167
126
186
86
125
11
70
41
87
137
90
150
191
77
140
188
165
72
145
105
185
53
157
54
154
121
183
113
19
33
82
143
84
60
23
48
161
114
58
173
181
158
123
61
17
95
120
79
172
109
74
182
28
131
156
0
103
20
94
36
22
141
116
99
189
43
69
190
2
9
40
1
8
112
62
76
93
59
164
159
138
119
78
15
80
16
21
51
195
56
55
122
142
192
12
5
49
81
35
26
50
169
160
180
102
132
166
130
98
46
133
175
75
32
38
39
73
52
3
104
100
178
153
118
139
151
135
179
124
162
199
68
89
194
29
117
111
13
106
