1114
1056
1034
1010
1161
1097
1052
1076
1190
1005
1060
1047
1093
1096
1064
1170
1158
1049
807
941
976
925
987
993
837
808
989
868
975
835
846
974
881
917
830
802
777
747
709
661
752
783
762
691
797
615
715
736
740
674
760
784
673
640
510
431
596
412
407
490
488
504
432
519
467
598
564
415
433
478
403
473
388
354
358
218
326
216
258
379
308
332
283
282
211
228
348
395
353
220
102
108
68
32
54
96
27
88
147
33
84
79
46
197
95
191
90
35
1197
1026
1141
1144
1196
1165
1169
1135
1054
1175
1043
1180
1075
1106
1041
1061
1107
1154
1145
1181
838
939
816
870
856
931
918
934
858
950
913
853
952
805
892
847
942
966
865
861
655
698
678
717
614
613
652
786
682
714
767
719
761
623
769
724
637
695
739
647
489
568
591
440
483
446
474
469
475
452
465
497
516
543
400
485
445
506
570
530
376
259
383
281
225
295
355
298
292
306
224
316
337
336
277
340
222
373
396
234
138
47
4
37
142
168
39
133
140
149
155
48
24
160
21
29
11
198
69
159
1045
1032
1086
1172
1104
1191
1042
1134
1037
1156
1025
1080
1081
1062
1012
1023
1160
1017
1007
1177
1155
1079
1138
1094
1128
1014
1131
1067
1137
1077
1036
1117
1199
1140
1198
1168
1011
1119
1150
1113
1149
1020
1109
1015
1116
1187
1167
1030
1122
1074
1024
1089
1178
1101
1091
1071
1193
1166
1019
1092
1127
1051
1103
1108
1186
1004
1115
1102
1018
1033
1139
1126
1184
1174
1133
1179
1063
1099
1013
1059
1090
1095
1185
1084
1192
1031
1176
1035
1118
1087
1194
1066
1148
1070
1055
1029
1142
1098
1100
1069
1040
1028
1188
1088
1053
1003
1153
1016
1044
1110
1147
1027
1195
1189
1038
1057
1001
1112
1022
1009
1136
1082
1152
1078
1111
1006
1123
1072
1164
1008
1058
1129
1121
1163
1083
1105
1050
1143
1157
1048
1046
1021
1039
1132
1183
1125
1173
1146
1065
1182
1068
1002
1171
1130
1120
1162
1124
1151
1000
1159
1073
1085
852
909
886
894
970
877
961
850
814
981
811
971
801
977
965
946
930
824
955
873
890
962
880
990
949
887
841
907
855
944
951
895
929
867
994
804
928
947
997
937
999
943
972
878
927
809
910
885
986
998
882
806
833
828
825
920
980
979
973
956
906
817
911
933
819
903
896
926
848
820
874
888
834
863
935
854
982
978
822
803
901
902
891
810
831
869
840
893
921
826
923
839
988
996
957
922
969
908
995
899
813
818
954
800
851
959
823
984
812
857
983
938
897
876
985
905
904
945
916
821
884
924
842
964
864
963
827
815
862
898
919
871
991
915
948
836
872
844
832
992
914
843
932
860
829
960
953
849
940
879
912
958
883
936
967
889
900
968
866
859
845
875
636
763
651
728
671
710
733
600
690
669
605
766
602
675
738
788
758
609
638
633
639
632
780
635
680
701
627
729
744
645
672
608
631
659
730
622
754
646
616
692
676
721
755
779
702
732
617
707
653
718
704
664
687
796
741
620
753
626
712
618
790
765
734
778
604
723
670
663
660
624
794
606
610
774
749
711
720
781
773
607
644
745
742
737
629
634
658
771
722
649
630
648
764
685
731
782
650
665
793
657
775
727
688
746
725
681
798
705
772
684
641
748
621
699
601
791
750
735
628
751
686
776
667
697
795
666
703
603
612
683
756
668
693
656
792
643
696
787
716
759
757
789
799
785
726
642
625
654
689
706
694
708
611
770
713
662
768
679
677
743
700
619
526
569
491
435
528
583
463
402
514
484
461
513
422
552
453
581
527
405
592
540
421
593
542
518
541
567
470
438
525
437
566
502
572
563
408
439
574
522
597
416
477
464
472
425
499
512
535
575
462
585
493
459
559
417
560
539
534
587
546
487
413
451
556
486
429
480
571
586
505
406
557
588
508
529
553
443
580
444
547
561
449
426
424
511
576
430
456
410
517
468
551
582
441
545
523
404
471
577
466
573
549
550
457
548
509
501
562
434
584
537
495
498
419
503
558
427
524
492
590
455
538
420
482
515
436
496
418
448
450
442
447
599
423
589
411
533
595
521
458
520
554
594
536
481
479
414
555
500
409
544
476
401
579
532
507
565
460
454
428
578
531
494
344
255
286
300
221
394
238
210
374
252
334
264
231
278
319
254
291
352
392
240
262
271
309
293
229
357
342
366
235
333
310
299
296
213
209
206
343
263
338
243
276
237
233
350
393
302
227
273
294
335
214
391
303
387
242
268
384
287
219
331
232
280
204
370
385
201
351
367
247
236
339
377
253
249
345
368
324
362
375
288
251
215
246
322
361
378
301
386
318
241
321
382
346
317
304
381
397
272
223
212
365
256
203
325
359
226
389
267
330
307
314
207
275
305
289
230
328
269
239
265
217
266
250
279
274
364
261
372
270
323
315
380
205
284
390
208
329
311
369
313
399
371
290
312
245
327
244
356
363
285
248
257
349
297
398
200
260
347
202
341
320
360
114
195
185
10
171
151
178
158
20
173
152
56
52
179
182
91
26
129
53
167
117
153
146
131
110
17
89
192
121
5
65
163
15
38
31
119
76
49
175
86
44
77
109
170
105
156
134
174
58
177
61
82
70
97
66
99
22
122
92
189
188
67
112
73
57
9
100
45
183
81
136
3
13
19
43
85
94
144
193
184
116
115
72
8
169
40
196
93
128
60
0
137
157
62
199
12
190
7
16
23
75
125
80
87
104
14
145
63
154
166
186
124
164
181
139
130
101
98
176
143
123
71
103
161
106
2
162
111
180
194
50
74
150
113
55
126
28
135
172
30
118
25
51
107
36
59
83
187
127
64
132
120
1
6
41
141
34
18
148
78
42
165
