1110
1016
1076
1155
1012
1169
1166
1134
1074
1097
1119
1031
1137
1186
1070
1117
1139
1069
840
870
941
913
957
891
850
997
829
816
824
994
988
959
872
894
928
845
628
618
616
798
678
711
740
613
607
665
625
643
664
649
763
666
682
729
511
510
560
521
539
579
580
534
575
440
540
499
490
597
493
425
578
488
281
393
203
319
373
329
315
337
270
219
391
395
396
234
259
268
272
248
103
0
10
46
94
76
28
29
132
99
77
147
58
121
115
80
22
71
1086
1084
1128
1005
1011
1136
1058
1143
1089
1026
1157
1190
1195
1100
1168
1079
1049
1106
1092
1062
945
923
967
868
893
808
853
880
936
878
867
995
955
820
978
838
929
915
806
841
708
719
794
606
627
756
695
668
662
744
673
750
717
608
624
626
615
713
640
706
569
528
459
531
535
592
426
474
599
451
477
556
470
486
494
473
552
596
418
585
274
364
380
347
223
269
230
212
224
200
332
363
251
343
369
341
348
331
246
392
40
137
23
113
197
124
91
39
53
50
79
157
3
186
86
184
167
145
33
26
1065
1198
1160
1050
1002
1101
1034
1126
1196
1102
1006
1176
1004
1033
1066
1170
1122
1158
1165
1090
1053
1047
1107
1181
1120
1067
1145
1183
1091
1115
1154
1039
1045
1068
1141
1044
1071
1175
1133
1147
1055
1192
1038
1036
1144
1112
1178
1153
1140
1162
1191
1138
1108
1009
1028
1185
1061
1024
1130
1179
1043
1030
1022
1040
1151
1087
1199
1132
1063
1163
1027
1105
1173
1149
1082
1077
1078
1025
1152
1042
1156
1180
1174
1094
1135
1131
1127
1060
1008
1193
1000
1013
1020
1116
1197
1052
1125
1095
1188
1041
1096
1098
1037
1014
1159
1124
1083
1177
1114
1167
1021
1059
1029
1054
1075
1035
1194
1113
1010
1171
1104
1019
1118
1189
1064
1088
1121
1164
1142
1099
1080
1057
1172
1015
1148
1111
1072
1103
1123
1017
1051
1081
1109
1184
1023
1001
1048
1150
1007
1046
1085
1182
1003
1187
1056
1018
1032
1093
1073
1129
1161
1146
962
892
952
985
989
938
859
934
904
963
813
871
875
949
844
874
836
922
921
814
827
876
890
857
860
849
943
910
858
852
800
886
919
805
948
896
946
847
834
846
999
933
851
990
885
976
856
968
993
911
812
926
987
821
862
906
986
839
944
935
883
909
897
828
902
861
882
826
908
884
901
835
981
811
960
991
974
977
942
848
939
927
954
973
898
810
869
931
925
887
889
971
979
817
903
864
907
855
873
819
888
972
825
809
912
940
964
980
951
983
863
969
930
877
804
937
879
914
822
866
842
837
992
899
865
854
815
975
916
823
953
830
956
833
970
950
984
831
881
920
932
924
998
996
801
982
961
802
958
917
900
818
905
843
918
947
966
965
807
803
832
895
707
633
765
714
796
651
655
757
746
609
709
766
704
722
692
776
774
650
632
652
762
724
602
736
600
669
735
742
693
752
733
620
660
737
605
782
710
721
793
701
696
636
659
728
797
727
685
646
637
792
748
718
671
702
760
697
647
677
788
619
689
772
786
773
683
657
758
780
663
759
749
641
611
691
778
741
688
694
783
751
799
639
635
658
743
779
747
777
745
634
623
703
789
738
699
767
795
681
723
621
645
653
629
687
720
712
661
755
761
675
672
676
690
679
698
787
631
785
648
680
753
770
732
674
754
784
715
739
791
768
705
644
612
614
604
622
764
656
769
725
716
771
730
775
790
700
617
630
670
610
638
726
601
684
667
731
734
642
781
654
686
603
517
518
587
443
457
421
472
548
500
527
464
509
545
456
445
416
588
555
465
432
573
559
471
481
405
482
429
483
414
537
554
522
532
446
570
484
438
594
591
538
479
431
442
485
513
453
463
512
566
572
523
430
551
557
455
553
476
407
584
466
439
502
561
526
469
577
492
435
404
550
411
515
506
427
448
434
449
524
400
519
462
458
543
495
444
574
563
586
541
428
520
581
450
565
491
441
496
402
504
529
408
467
452
564
562
546
530
498
595
590
544
409
558
497
415
508
406
413
501
589
487
433
533
598
583
567
424
410
403
568
478
419
454
460
480
542
507
437
547
420
536
412
423
468
436
401
582
505
516
503
525
461
447
571
417
489
576
475
549
593
514
422
334
345
346
218
328
360
374
305
356
208
297
344
294
398
206
228
277
217
372
322
388
295
385
359
279
366
209
250
355
288
282
221
354
257
278
285
397
324
313
255
258
207
379
330
377
254
325
390
262
253
222
376
242
384
205
226
235
386
201
323
326
284
340
216
317
389
320
229
382
338
286
296
316
287
304
350
378
275
236
245
339
299
292
241
375
264
306
263
238
271
243
300
233
318
213
308
210
314
220
237
276
394
309
293
249
307
327
291
381
227
214
312
273
261
204
298
333
244
240
399
351
342
370
215
283
256
367
387
311
349
361
247
365
266
202
252
301
357
335
280
371
383
239
289
232
211
260
362
352
358
267
310
302
336
231
225
368
290
321
265
353
303
191
126
143
119
52
175
182
128
199
45
88
54
34
62
118
92
133
120
152
155
98
47
32
107
70
151
176
101
67
7
139
2
123
1
6
74
105
195
180
78
48
109
36
5
21
196
172
150
106
57
41
30
16
127
174
122
183
194
72
82
85
141
65
9
96
165
158
17
14
55
64
49
130
4
168
189
149
154
51
169
129
112
97
56
83
95
198
140
178
102
69
68
153
170
18
12
43
188
27
160
110
117
84
11
8
142
90
13
60
116
37
164
159
148
179
134
192
185
111
89
35
38
63
66
190
104
93
166
177
173
187
171
125
24
25
161
19
42
75
135
61
81
146
31
138
87
162
181
144
193
20
114
100
108
44
59
15
131
136
163
156
73
