1010
1067
1181
1072
1139
1001
1025
1096
1053
1151
1036
1047
1079
1044
1185
1093
1045
1130
866
960
980
898
954
955
830
826
884
951
899
972
883
961
900
840
854
832
605
661
603
655
785
746
788
664
662
620
784
714
606
676
764
724
601
779
445
465
513
511
558
427
557
519
517
411
506
535
505
563
504
442
581
560
262
294
210
228
297
399
358
385
268
357
311
284
220
288
218
203
392
243
90
59
63
74
109
167
86
107
76
75
175
176
103
68
35
2
189
165
1197
1198
1038
1018
1160
1100
1019
1040
1184
1071
1024
1165
1098
1074
1119
1129
1099
1180
1058
1153
969
804
905
857
918
977
984
801
837
855
915
982
994
859
831
925
845
802
999
877
754
610
713
786
711
651
647
657
739
783
680
617
623
608
654
793
768
613
673
748
538
574
523
495
537
437
454
588
499
527
489
440
509
565
521
402
424
409
532
541
318
247
377
296
258
354
343
256
293
205
259
365
380
336
224
291
238
225
344
250
116
57
185
154
160
199
99
168
131
87
148
128
5
26
105
60
48
153
172
34
1006
1112
1048
1005
1022
1032
1043
1046
1140
1137
1054
1174
1061
1030
1105
1094
1178
1114
1155
1042
1143
1168
1164
1017
1179
1013
1108
1167
1111
1136
1118
1138
1186
1158
1107
1124
1092
1051
1095
1148
1011
1069
1166
1052
1132
1084
1199
1041
1060
1028
1021
1156
1083
1106
1090
1113
1027
1177
1192
1116
1000
1081
1091
1110
1004
1077
1008
1188
1002
1152
1183
1086
1194
1175
1076
1088
1020
1193
1102
1142
1068
1082
1157
1064
1162
1009
1196
1150
1050
1034
1104
1035
1031
1190
1029
1014
1062
1003
1170
1123
1026
1085
1065
1125
1039
1159
1122
1089
1057
1101
1171
1087
1149
1078
1080
1187
1049
1007
1169
1161
1173
1121
1146
1115
1012
1103
1109
1117
1144
1195
1134
1120
1182
1016
1145
1128
1037
1056
1133
1176
1131
1189
1141
1127
1075
1023
1070
1172
1059
1066
1135
1063
1154
1126
1073
1191
1015
1055
1097
1163
1033
1147
908
950
853
912
944
874
812
979
819
914
824
811
821
948
940
978
928
888
926
923
814
870
806
947
879
985
949
807
865
991
966
827
881
873
998
856
809
860
803
933
895
917
919
970
822
800
828
989
992
967
829
903
891
995
872
987
810
897
902
981
973
876
904
863
839
890
907
986
834
838
932
882
813
939
962
906
976
921
852
889
953
843
968
864
945
835
990
941
878
927
943
901
996
963
964
965
836
892
920
846
820
844
893
935
909
849
886
938
833
946
958
823
847
808
936
924
959
868
894
929
825
867
913
896
862
887
861
975
988
885
956
869
930
957
851
911
910
818
858
942
922
971
952
997
815
805
880
850
974
937
817
816
841
931
848
842
916
875
871
934
993
983
741
755
725
638
718
722
766
789
701
772
709
634
631
777
708
624
646
697
619
687
771
760
752
717
761
636
719
742
650
652
703
778
653
723
642
737
799
663
792
621
674
759
644
795
695
635
679
700
735
740
745
645
640
791
790
782
670
720
618
678
706
612
798
762
672
696
732
616
780
705
727
710
787
693
614
776
715
659
775
743
733
757
615
730
669
633
704
625
794
667
682
685
649
738
692
690
637
729
668
675
691
660
769
600
774
767
604
702
726
632
686
648
747
627
734
681
712
781
731
753
641
630
773
721
656
750
665
758
716
628
643
699
666
694
684
609
763
728
796
689
770
736
607
658
688
744
756
671
751
626
707
639
797
611
698
683
622
602
629
765
677
749
417
446
425
528
567
542
459
554
471
550
534
578
577
556
551
496
593
594
426
573
582
502
546
464
599
457
423
589
536
493
477
587
597
466
512
439
434
598
472
516
482
564
406
497
590
522
416
544
595
441
404
592
436
447
403
518
453
529
543
435
474
579
412
444
568
553
494
501
508
432
561
559
433
414
422
438
526
449
570
486
552
491
467
530
469
428
461
548
580
448
483
555
443
596
476
488
484
515
487
468
562
575
549
571
510
413
451
456
507
503
410
547
485
431
429
470
492
572
475
455
498
539
430
460
400
480
452
586
566
585
408
405
415
421
481
401
514
520
419
450
591
500
533
524
473
576
584
525
420
462
478
458
490
583
418
569
479
407
545
463
540
531
290
369
298
324
302
252
232
362
348
376
300
260
272
204
308
322
269
202
285
240
249
235
299
388
359
245
209
331
391
306
216
381
230
233
241
315
244
333
257
330
248
222
339
363
387
335
361
213
206
341
242
246
267
364
208
332
253
390
305
215
355
356
329
327
251
325
273
221
312
371
389
236
321
317
386
219
334
292
217
266
313
255
394
320
384
382
283
287
281
275
278
397
226
316
295
289
254
370
368
231
212
396
342
352
328
310
383
263
239
346
307
393
398
227
286
279
373
345
282
207
379
274
360
323
349
353
395
314
214
367
234
338
229
366
309
374
378
277
265
280
237
303
211
261
347
201
337
375
351
271
223
264
372
319
350
301
340
304
326
200
276
270
62
108
106
117
22
112
132
32
42
47
94
159
158
161
151
56
30
162
81
101
93
174
29
89
58
64
21
73
124
146
183
51
65
98
7
163
83
134
71
12
6
139
0
82
36
3
169
144
137
180
138
95
135
197
80
69
72
191
100
194
143
126
193
186
170
188
171
166
67
41
11
15
182
136
196
61
10
179
50
192
44
49
55
114
16
140
31
178
119
122
28
25
150
39
38
84
23
20
127
142
120
79
77
54
85
118
110
141
13
78
52
18
121
113
147
181
70
129
92
190
102
17
152
145
97
45
123
157
155
173
33
91
8
96
149
156
4
195
66
111
19
1
88
24
198
125
14
37
130
40
53
43
177
133
115
187
46
9
104
27
184
164
