1198
1139
1061
1121
1036
1088
1064
1033
1127
1078
1002
1059
1073
1174
1114
1034
1101
1095
866
928
915
844
850
854
930
808
811
927
867
969
994
903
940
971
939
899
710
643
609
653
603
663
701
660
611
719
658
649
620
748
637
723
784
716
464
580
510
598
520
478
472
524
550
506
445
434
512
426
467
480
457
514
290
321
370
300
387
308
237
322
332
273
318
272
346
394
262
366
230
316
162
105
122
168
110
186
153
116
92
90
87
151
191
61
182
149
7
161
1011
1079
1022
1141
1126
1150
1039
1029
1195
1075
1146
1190
1145
1112
1199
1185
1122
1070
1103
1071
827
806
959
904
974
812
993
934
807
847
835
926
801
879
893
802
886
883
907
972
757
778
610
735
731
761
746
715
754
644
768
690
689
764
703
619
743
713
773
788
462
417
571
584
567
471
466
481
565
523
460
546
483
517
507
536
593
597
559
522
226
311
391
282
224
362
384
288
399
239
264
214
212
266
254
279
341
207
304
363
133
69
117
128
180
78
157
64
2
0
16
150
22
103
158
88
142
129
67
86
1060
1106
1111
1196
1042
1086
1057
1050
1072
1104
1015
1045
1131
1067
1142
1005
1151
1161
1168
1137
1191
1167
1158
1003
1166
1170
1159
1118
1055
1074
1135
1143
1163
1013
1076
1080
1004
1025
1082
1180
1149
1094
1099
1109
1171
1031
1047
1084
1023
1020
1157
1181
1056
1152
1115
1018
1134
1000
1175
1001
1113
1192
1044
1014
1048
1100
1040
1008
1069
1120
1098
1160
1081
1164
1138
1102
1148
1009
1093
1063
1021
1030
1188
1162
1096
1068
1179
1183
1184
1012
1176
1066
1130
1035
1197
1153
1189
1116
1193
1019
1087
1017
1194
1117
1058
1007
1032
1097
1016
1124
1038
1182
1169
1154
1037
1092
1052
1186
1028
1085
1062
1125
1090
1105
1027
1026
1010
1110
1172
1043
1024
1129
1065
1136
1051
1156
1165
1132
1128
1147
1178
1119
1187
1155
1144
1123
1089
1083
1006
1107
1077
1177
1049
1041
1108
1053
1133
1140
1054
1091
1046
1173
873
997
824
855
941
857
878
839
895
877
905
987
986
983
911
949
828
831
822
813
982
876
872
848
918
843
800
946
970
869
979
870
859
898
863
953
932
852
875
984
990
842
936
868
966
968
947
931
897
919
916
820
880
804
809
976
902
922
887
888
829
851
846
860
989
923
965
837
948
833
935
862
945
996
921
980
988
914
881
943
894
817
853
849
978
816
985
992
815
913
890
967
864
825
845
865
961
901
814
896
823
951
977
900
973
834
917
810
995
952
912
929
858
998
836
826
975
906
909
838
819
818
962
803
950
937
981
861
991
963
874
933
889
891
882
884
954
892
964
999
924
958
957
938
920
841
821
956
910
925
885
908
840
942
856
832
805
960
944
871
955
830
785
694
759
622
704
777
692
651
625
729
681
616
678
733
696
720
668
612
714
739
791
645
752
600
717
677
606
781
667
679
669
740
618
662
728
642
664
639
661
633
762
732
707
737
787
753
699
695
722
655
712
627
725
640
648
760
721
621
769
673
691
613
605
632
789
675
711
797
763
775
792
659
650
698
631
657
766
750
685
687
638
790
688
765
799
786
693
623
783
782
614
772
672
636
794
624
741
635
674
724
726
641
666
702
602
656
734
795
771
744
671
629
634
736
706
718
798
630
646
755
665
670
608
626
647
780
700
738
747
607
652
767
796
776
793
684
708
680
617
756
686
683
601
742
604
682
758
676
770
654
727
745
709
705
751
779
730
774
628
697
615
749
526
453
412
435
557
578
484
489
427
452
451
403
590
572
477
563
419
548
437
409
446
485
410
475
556
455
596
402
420
416
589
502
551
538
530
486
574
511
541
439
424
547
555
539
400
440
503
463
570
549
406
519
569
407
449
585
504
515
442
500
594
560
516
505
458
558
579
418
577
425
582
474
411
431
501
408
414
429
491
487
583
469
527
591
566
525
490
561
430
461
528
537
592
465
497
456
494
540
576
404
498
521
587
488
562
415
473
509
428
534
532
479
499
454
529
531
447
535
542
413
482
575
438
513
436
493
459
444
595
450
508
422
405
423
496
588
599
568
543
581
552
401
544
553
495
554
492
518
564
533
468
448
441
470
476
432
433
586
443
573
545
421
323
359
243
277
305
222
244
331
233
358
379
236
260
342
231
205
275
285
210
376
206
354
350
333
251
320
372
365
219
395
278
383
397
317
297
337
242
216
204
218
356
280
357
369
360
250
307
211
309
248
202
232
313
336
371
203
330
249
229
258
259
292
223
215
348
261
271
380
238
381
315
246
352
221
344
353
302
276
283
327
364
240
247
201
388
299
312
220
263
241
375
347
338
294
340
284
385
310
314
255
225
349
289
301
373
281
382
325
269
265
339
227
329
209
398
328
296
228
286
326
368
319
324
389
213
361
392
293
268
334
252
298
208
386
257
306
287
295
303
367
343
274
291
234
267
377
256
335
374
253
393
217
345
270
355
378
396
351
235
200
245
390
11
96
99
47
40
147
164
144
52
97
9
3
148
14
43
160
192
35
10
127
59
143
146
54
81
72
58
63
62
111
83
123
113
26
163
42
132
74
55
135
174
39
138
156
6
15
141
119
107
130
37
36
38
45
104
154
108
185
114
1
175
171
53
46
66
102
71
184
17
95
167
120
101
121
137
8
166
49
196
12
178
50
100
60
187
126
173
70
79
94
189
194
80
98
170
30
193
179
44
21
68
51
25
181
124
183
195
85
165
5
172
131
139
29
91
140
13
188
115
190
48
152
28
198
109
159
56
145
84
27
33
125
76
118
75
20
18
112
57
93
155
89
32
34
134
4
19
41
23
106
136
197
24
176
31
82
169
73
65
77
177
199
