1191
1047
1143
1091
1040
1038
1145
1131
1035
1194
1102
1146
1151
1023
1060
1012
1022
1105
847
802
952
968
907
833
849
985
884
912
902
905
808
834
811
888
957
809
637
603
610
675
642
775
731
615
680
730
669
605
745
665
762
617
621
711
444
429
508
486
449
514
447
503
477
559
465
591
491
507
423
409
414
443
318
281
201
383
263
216
233
337
236
355
266
305
207
342
222
293
367
357
47
176
90
119
136
184
159
131
10
173
162
165
193
14
129
144
163
156
1006
1177
1110
1124
1155
1173
1119
1003
1157
1166
1049
1034
1163
1133
1015
1197
1169
1170
1129
1127
911
954
997
899
894
840
913
964
931
812
976
933
991
983
803
877
861
926
864
904
628
643
606
618
629
616
774
748
647
648
746
654
704
694
744
706
788
683
722
718
526
474
525
595
417
479
434
451
511
442
517
428
488
435
463
554
499
492
441
452
340
286
354
343
313
292
220
335
315
346
250
239
273
290
235
374
299
295
232
200
92
160
72
135
49
113
70
99
85
57
109
24
180
35
187
6
137
89
115
195
1187
1160
1080
1061
1150
1138
1188
1164
1029
1069
1168
1103
1179
1008
1134
1059
1026
1053
1075
1178
1017
1192
1098
1199
1182
1120
1062
1139
1045
1165
1158
1000
1153
1084
1072
1081
1190
1052
1078
1132
1088
1196
1071
1184
1089
1004
1189
1156
1108
1162
1057
1118
1025
1019
1117
1005
1154
1096
1140
1085
1010
1114
1148
1067
1171
1063
1176
1123
1036
1074
1137
1125
1028
1051
1016
1009
1021
1106
1083
1136
1066
1018
1007
1161
1128
1099
1186
1087
1056
1121
1130
1046
1065
1076
1050
1055
1174
1094
1095
1079
1073
1135
1054
1104
1112
1180
1032
1195
1142
1113
1116
1126
1185
1175
1002
1122
1149
1172
1093
1011
1181
1027
1152
1077
1086
1013
1041
1090
1001
1147
1070
1082
1068
1183
1064
1039
1100
1141
1020
1109
1111
1031
1044
1115
1014
1097
1037
1144
1159
1193
1092
1107
1024
1198
1043
1167
1101
1030
1048
1033
1042
1058
922
990
858
810
844
823
998
946
959
853
880
804
979
898
854
923
941
945
870
932
886
917
924
866
851
859
914
889
970
986
937
993
966
829
981
967
883
848
956
974
992
842
838
929
955
987
816
862
999
980
860
822
882
824
852
841
897
855
869
962
819
832
918
943
801
971
805
887
958
916
919
806
895
988
839
965
994
863
996
820
935
930
936
906
865
843
949
827
903
879
934
909
963
800
871
927
857
813
826
873
961
890
928
977
950
910
837
989
973
807
878
891
893
984
944
814
835
942
867
821
978
831
975
896
940
982
836
875
948
881
828
953
908
876
947
972
960
815
830
938
915
825
921
817
920
900
939
874
846
892
818
856
845
995
850
969
951
868
925
901
872
885
612
695
626
619
674
655
673
702
709
793
645
696
750
758
710
668
667
741
660
620
792
627
756
689
700
653
797
607
772
644
784
714
785
724
716
790
623
636
666
692
781
639
625
763
602
672
766
613
747
649
787
732
755
679
703
641
701
699
656
646
635
735
601
632
767
630
713
728
659
733
765
686
780
779
611
676
687
757
663
662
751
698
608
657
678
600
761
670
743
638
720
682
773
754
664
760
782
736
688
640
691
650
609
725
786
631
783
693
753
690
737
624
707
633
791
634
799
661
684
658
795
723
752
652
769
726
717
729
614
721
715
671
794
677
719
685
604
705
651
734
738
712
798
770
681
789
796
759
776
739
768
777
778
697
740
749
764
742
771
708
727
622
553
469
494
489
402
484
448
487
574
408
470
424
555
400
583
480
543
493
481
482
472
550
464
549
422
438
412
570
455
462
521
427
564
577
509
540
522
529
560
563
571
519
551
545
461
457
506
505
404
413
527
490
421
454
537
568
565
535
588
473
596
572
501
590
546
515
552
485
598
562
432
467
542
500
581
594
512
475
437
567
504
566
403
558
561
569
592
439
589
538
425
418
579
416
541
586
483
496
471
495
431
544
401
578
531
582
599
580
433
523
407
557
426
556
450
466
533
547
536
502
478
456
518
548
420
445
497
576
575
406
587
410
430
513
458
584
411
524
468
593
459
415
446
573
440
405
453
597
520
585
436
539
510
534
419
528
516
460
498
530
476
532
294
398
238
360
365
225
312
387
208
356
351
363
397
350
311
324
330
204
214
331
289
254
206
242
373
378
353
376
323
217
382
319
301
262
219
291
265
396
362
227
334
203
269
326
352
385
333
392
308
271
332
277
298
380
234
394
224
366
223
243
379
393
348
361
395
280
270
303
229
297
276
210
247
212
215
391
316
249
320
388
284
258
274
372
302
386
272
310
279
347
255
252
329
246
240
231
221
369
300
218
375
344
251
345
230
358
322
228
371
399
341
261
325
285
296
304
260
256
390
211
364
384
257
268
226
349
287
317
245
275
321
370
283
267
314
259
306
338
278
253
282
327
213
377
205
307
248
209
309
288
381
241
336
359
202
264
368
244
237
389
339
328
172
9
62
164
93
147
118
191
96
59
177
64
190
110
44
54
40
185
166
133
126
153
104
189
167
3
91
141
51
84
120
83
53
28
1
179
5
121
26
69
29
116
105
178
76
134
30
12
34
157
140
60
43
42
174
22
196
80
198
0
149
161
123
148
39
81
87
170
17
71
106
101
50
112
13
168
78
124
16
97
38
169
4
128
7
171
82
132
194
55
114
143
61
36
23
58
127
67
152
154
95
45
65
111
8
21
145
73
41
27
2
188
74
77
182
46
37
155
15
151
197
125
138
86
117
100
102
122
181
192
98
146
52
31
20
66
56
18
32
68
107
186
11
139
142
79
63
183
19
158
25
103
150
48
199
33
75
88
108
175
130
94
