1045
1176
1066
1015
1071
1122
1143
1124
1069
1076
1027
1003
1133
1179
1098
1155
1068
1053
914
848
954
923
808
981
938
967
961
868
869
900
892
803
953
827
939
942
640
600
700
696
775
618
785
604
732
655
608
679
658
684
721
756
628
736
576
585
457
506
400
490
570
471
450
539
547
513
573
523
462
553
435
507
387
312
350
291
252
221
355
307
204
216
324
279
309
261
227
289
320
269
46
141
30
53
96
169
27
128
176
17
22
110
122
177
23
68
107
102
1017
1192
1195
1106
1188
1042
1070
1080
1036
1030
1094
1121
1147
1127
1198
1130
1047
1091
1054
1141
873
884
887
812
894
834
934
970
995
829
878
915
839
958
951
930
874
929
807
867
644
664
754
634
689
761
678
609
645
718
672
773
725
670
710
777
602
633
653
740
520
419
549
418
519
554
568
474
491
577
449
598
448
420
425
434
567
582
486
442
258
374
391
262
354
369
253
267
310
338
276
372
241
349
239
326
394
363
396
368
101
10
197
29
174
59
72
57
98
135
147
39
93
180
3
87
19
142
0
150
1149
1185
1021
1088
1043
1109
1165
1014
1033
1031
1137
1046
1073
1037
1189
1012
1186
1111
1107
1011
1181
1078
1050
1115
1034
1154
1139
1112
1039
1167
1056
1052
1173
1180
1096
1199
1116
1029
1119
1168
1081
1174
1061
1083
1062
1055
1006
1105
1085
1060
1164
1108
1004
1138
1092
1095
1146
1118
1187
1117
1135
1058
1157
1038
1110
1079
1005
1016
1178
1075
1018
1190
1084
1044
1093
1074
1162
1020
1040
1059
1009
1194
1089
1063
1148
1156
1134
1191
1120
1024
1128
1104
1086
1132
1152
1123
1184
1136
1142
1158
1067
1028
1161
1048
1160
1177
1025
1114
1008
1097
1113
1197
1023
1145
1057
1150
1032
1103
1153
1102
1051
1183
1049
1193
1101
1144
1000
1172
1019
1077
1100
1072
1064
1131
1159
1041
1082
1035
1013
1182
1175
1163
1169
1010
1099
1151
1129
1002
1196
1170
1140
1090
1001
1125
1126
1007
1171
1065
1087
1166
1022
1026
889
841
831
885
909
861
809
899
813
992
875
957
823
881
956
805
962
800
928
847
925
855
952
947
864
978
843
837
882
959
891
896
846
966
833
946
968
910
931
969
836
816
911
919
860
825
932
840
877
999
997
917
985
901
993
879
849
880
893
907
824
994
902
949
811
862
832
858
856
870
944
814
936
945
851
854
987
817
842
941
908
871
830
850
955
984
844
895
963
890
853
913
933
838
898
980
818
872
804
921
950
906
965
974
964
876
990
916
986
996
821
926
820
822
924
991
918
815
863
989
888
922
982
886
935
903
859
905
845
977
865
988
940
857
912
971
883
904
927
972
948
979
826
983
960
975
802
835
920
801
937
806
819
976
973
866
943
828
998
852
810
897
623
617
607
728
752
764
610
791
698
626
682
735
724
631
759
683
690
635
776
717
783
738
668
745
636
657
726
763
719
667
795
651
786
748
799
779
622
699
702
638
681
691
741
750
606
613
654
782
751
780
774
693
625
712
790
796
757
733
758
615
767
765
686
688
616
665
619
787
650
749
671
701
620
716
685
744
737
742
704
793
743
723
772
727
771
709
675
648
673
627
746
646
666
792
766
652
647
770
711
624
632
788
720
797
734
642
784
621
769
676
601
669
662
660
729
649
789
603
687
753
706
715
659
722
674
755
641
639
730
768
692
643
708
637
714
605
762
612
695
707
611
663
697
747
694
703
778
713
677
680
794
629
614
705
798
760
656
630
781
661
739
731
465
417
530
440
475
413
472
579
421
452
512
580
502
503
484
429
433
436
560
423
557
545
441
508
458
552
430
431
588
583
412
504
405
492
477
451
467
466
586
594
483
569
562
432
528
499
410
541
473
409
488
505
443
559
447
593
498
487
481
551
532
522
427
494
531
455
587
595
456
459
566
495
482
478
558
544
407
514
468
542
444
543
529
416
596
469
437
540
411
571
536
565
555
402
525
526
485
401
524
414
493
500
415
550
599
428
461
511
497
590
464
581
534
446
408
480
422
597
454
445
479
584
589
424
460
537
496
527
439
516
518
489
556
548
509
470
563
538
404
535
438
546
561
578
476
517
406
510
591
592
572
453
575
501
533
515
564
463
426
574
521
403
228
249
388
380
226
358
376
371
346
347
272
319
225
381
233
250
244
370
259
212
211
395
209
246
263
392
282
356
284
298
283
367
331
251
332
235
328
377
336
323
335
295
386
327
206
399
223
248
333
351
274
260
232
359
205
316
306
294
301
278
313
242
287
360
277
325
275
308
243
341
344
364
299
382
311
384
398
296
200
365
342
375
286
340
281
353
366
208
237
222
238
373
220
315
321
202
348
256
318
285
230
201
280
303
293
383
362
290
273
334
314
271
231
297
288
213
378
245
357
300
317
268
302
266
236
322
343
305
224
265
379
330
229
304
257
214
255
339
329
217
254
264
210
385
352
345
270
218
247
215
390
389
207
240
397
361
203
234
393
219
337
292
66
173
35
175
121
116
145
61
185
44
100
157
94
24
182
160
31
50
111
52
192
40
49
188
178
119
60
13
86
139
48
92
28
191
5
16
11
198
196
54
108
105
113
45
79
144
168
58
189
109
103
161
89
181
95
21
15
118
137
9
63
126
136
159
51
41
148
56
77
71
125
132
34
91
42
117
81
193
154
75
129
80
20
131
26
179
36
43
134
187
156
18
115
172
73
14
165
38
143
106
151
190
146
152
47
32
149
162
37
123
8
166
74
184
88
84
104
127
130
83
55
194
153
140
112
195
167
163
76
171
33
138
7
4
2
170
82
124
183
25
12
90
65
70
155
62
133
120
1
6
64
78
69
199
186
114
97
164
99
158
85
67
