1129
1017
1013
1108
1062
1145
1096
1147
1009
1190
1066
1069
1120
1119
1007
1159
1063
1026
977
991
872
867
835
929
834
952
831
844
856
940
946
953
971
886
984
915
744
653
738
760
640
680
651
736
673
763
703
743
717
754
739
630
784
697
443
454
549
413
449
489
544
515
584
466
474
578
433
464
496
574
407
590
272
316
254
354
311
291
266
301
225
359
202
263
208
380
396
292
235
374
196
68
190
1
0
105
120
173
22
172
177
137
179
126
113
62
12
32
1165
1138
1176
1086
1195
1107
1194
1112
1039
1182
1196
1126
1125
1140
1104
1134
1035
1019
1118
1032
884
964
829
908
865
832
823
962
968
812
890
927
901
859
815
921
838
848
885
836
799
712
688
661
684
668
746
660
710
615
798
734
666
711
788
646
713
793
791
621
521
587
546
582
575
597
531
568
552
493
522
543
571
450
505
528
570
471
488
469
280
211
352
226
329
264
247
283
241
277
201
312
233
371
379
366
373
315
393
376
102
2
160
65
78
127
184
63
139
118
73
92
51
107
66
148
96
123
57
119
1155
1113
1058
1143
1040
1172
1067
1101
1046
1098
1152
1030
1175
1042
1123
1054
1133
1018
1136
1109
1167
1198
1075
1103
1027
1131
1097
1011
1061
1068
1135
1151
1166
1064
1060
1094
1078
1034
1004
1090
1150
1148
1028
1048
1056
1105
1085
1199
1082
1157
1079
1049
1044
1031
1010
1080
1050
1188
1178
1006
1110
1029
1045
1095
1023
1127
1024
1181
1158
1089
1033
1099
1185
1102
1016
1051
1087
1052
1189
1071
1183
1059
1022
1076
1021
1111
1114
1005
1081
1192
1074
1083
1037
1149
1077
1142
1073
1070
1137
1115
1160
1168
1000
1106
1193
1191
1146
1072
1163
1057
1156
1117
1008
1025
1179
1197
1014
1174
1002
1130
1020
1116
1169
1055
1171
1100
1161
1041
1091
1053
1162
1180
1038
1012
1122
1036
1043
1164
1001
1153
1124
1003
1088
1093
1184
1177
1170
1173
1128
1121
1154
1015
1141
1065
1139
1047
1187
1132
1186
1144
1092
1084
822
821
972
878
960
965
923
841
833
876
932
917
817
862
845
935
930
996
801
936
987
814
969
997
874
973
827
824
904
950
830
926
896
961
879
887
970
895
948
905
819
947
959
881
820
955
857
897
954
869
825
900
847
849
941
939
963
922
916
866
993
840
919
892
957
843
982
902
985
804
988
880
816
837
818
861
914
958
951
992
813
903
889
854
893
995
924
945
925
855
937
975
920
842
998
860
949
934
944
956
846
873
888
943
806
882
810
966
911
980
910
933
907
809
871
909
981
853
912
913
864
800
839
883
967
875
868
870
990
994
851
803
974
938
863
811
989
826
828
858
999
808
983
928
805
906
978
918
986
807
931
976
898
942
852
850
894
891
877
899
979
802
670
669
682
718
637
604
785
722
614
704
700
771
778
796
728
648
642
745
634
695
775
691
783
677
797
732
696
706
633
678
639
762
654
757
759
693
605
619
794
719
602
676
735
618
787
694
631
709
774
607
701
685
665
727
659
627
616
624
667
679
609
721
723
790
644
652
671
755
674
780
726
625
606
767
789
610
698
779
649
600
741
729
716
731
752
753
683
758
777
632
770
638
776
658
720
768
699
636
617
690
601
740
675
765
612
608
687
733
613
773
641
751
730
628
643
663
707
620
708
622
603
750
724
742
611
656
650
715
664
692
686
769
714
702
748
747
689
705
756
792
766
645
725
647
623
786
635
737
781
749
795
657
672
761
629
662
626
772
782
655
764
681
475
551
467
411
514
479
542
535
446
478
424
441
445
598
405
401
501
503
432
440
541
504
534
588
511
431
519
472
452
498
561
486
564
532
558
442
465
537
470
530
484
409
429
593
520
527
506
458
556
545
463
468
585
499
595
477
485
434
491
518
529
576
476
507
524
526
423
439
457
554
487
500
444
538
559
596
513
599
415
453
495
523
412
508
509
517
547
461
492
580
428
447
560
533
420
419
406
473
563
562
462
459
404
418
555
553
512
481
430
414
510
525
591
455
579
497
548
583
417
451
557
436
427
566
448
483
565
482
402
403
494
572
594
437
502
581
516
567
400
480
460
569
536
573
426
438
589
539
425
408
421
586
410
435
550
540
577
456
416
422
592
490
340
239
320
210
345
212
323
304
246
348
269
221
386
342
392
395
259
279
390
314
328
305
278
327
351
282
308
306
203
260
383
248
294
343
297
363
256
335
242
288
378
234
276
326
346
286
361
321
332
257
250
206
230
209
216
228
215
313
399
261
232
289
318
330
273
344
355
331
303
387
357
367
388
299
243
341
358
271
382
214
322
258
347
240
353
218
337
369
229
251
360
287
222
391
236
262
249
300
319
284
223
310
385
334
204
368
231
365
267
274
296
384
265
372
268
364
338
336
220
339
237
213
217
381
219
356
224
377
244
394
207
302
375
253
245
281
398
200
307
290
370
270
362
293
309
238
275
227
333
349
295
205
317
350
285
389
324
298
255
325
252
397
86
8
158
185
112
154
109
157
134
31
159
60
182
168
146
164
181
91
147
121
151
47
81
144
70
128
67
56
169
75
48
41
71
195
64
10
3
162
79
14
7
15
197
150
180
35
133
26
142
198
103
124
174
98
21
165
99
149
116
186
111
117
89
95
27
87
170
88
58
4
11
138
49
80
163
183
171
104
189
76
175
20
59
9
161
33
38
84
18
39
37
54
17
36
187
110
114
5
130
100
156
192
194
77
28
40
176
143
153
166
13
199
193
94
50
30
191
97
122
69
155
93
101
53
131
19
178
44
6
24
152
136
72
74
140
90
108
46
167
135
23
125
141
25
42
82
16
43
45
129
83
34
132
29
61
52
145
188
85
106
55
115
