1050
1190
1138
1017
1078
1193
1126
1117
1069
1074
1166
1089
1184
1055
1167
1101
1021
1151
915
910
804
832
810
812
872
920
897
955
930
900
874
861
808
806
844
962
770
654
725
723
681
635
680
618
743
676
784
737
732
715
714
643
759
603
470
415
472
421
480
567
452
582
460
520
511
456
499
521
465
593
442
413
334
292
245
209
224
243
309
306
307
301
348
298
379
350
359
358
376
371
31
22
8
13
37
146
115
76
164
152
126
79
11
167
67
181
129
25
1161
1164
1049
1088
1072
1016
1040
1020
1156
1199
1044
1149
1173
1007
1039
1012
1195
1131
1158
1057
811
935
905
854
956
800
906
950
848
805
921
991
865
954
993
936
895
931
990
889
660
639
605
683
798
746
748
758
664
738
771
697
610
707
612
694
729
730
689
653
574
548
497
429
492
518
525
488
430
402
495
481
400
516
527
484
441
540
590
467
222
328
204
360
225
388
362
264
316
212
269
299
266
321
342
390
387
396
369
246
77
70
38
143
144
83
139
196
35
190
170
118
133
151
4
125
155
199
28
33
1086
1178
1132
1112
1033
1053
1051
1046
1073
1003
1194
1179
1187
1085
1174
1091
1025
1080
1140
1094
1015
1113
1000
1169
1014
1043
1147
1153
1123
1058
1159
1032
1056
1160
1082
1037
1042
1067
1127
1079
1018
1171
1068
1026
1029
1104
1172
1105
1065
1163
1106
1092
1022
1154
1125
1035
1139
1084
1197
1188
1177
1134
1063
1052
1142
1005
1170
1038
1095
1124
1107
1128
1181
1075
1183
1004
1019
1087
1010
1041
1096
1027
1148
1061
1081
1165
1129
1030
1168
1006
1133
1136
1150
1060
1077
1175
1196
1152
1059
1109
1135
1048
1111
1191
1034
1103
1099
1186
1182
1011
1102
1070
1008
1097
1137
1198
1047
1118
1115
1090
1155
1130
1180
1062
1001
1076
1045
1189
1100
1185
1054
1122
1023
1108
1192
1002
1066
1145
1110
1119
1176
1141
1114
1143
1121
1157
1071
1098
1116
1093
1162
1009
1036
1024
1120
1028
1064
1144
1031
1146
1013
1083
824
892
953
904
878
903
949
873
944
937
961
829
826
943
958
923
884
925
997
927
821
855
835
814
917
940
952
959
813
951
907
973
933
840
876
834
919
839
976
801
984
909
999
908
913
859
831
875
802
851
926
939
850
928
888
816
846
929
945
988
981
818
845
974
918
817
887
969
886
860
828
975
827
843
857
894
901
803
978
882
852
841
992
972
842
982
985
867
819
822
893
986
957
979
830
838
994
970
890
995
932
912
825
847
968
869
916
977
989
881
922
870
941
833
966
996
934
896
987
924
965
938
858
836
837
902
815
879
891
963
948
885
911
998
807
809
871
960
864
863
971
877
823
942
853
849
899
947
964
856
898
914
862
883
980
880
820
946
983
967
868
866
695
700
792
706
655
739
754
704
615
726
609
710
627
797
701
687
763
793
788
659
601
776
611
751
752
790
709
608
652
693
724
688
662
757
678
727
767
772
616
607
742
794
663
636
735
761
760
703
696
669
765
785
721
753
665
674
745
734
637
619
622
769
789
720
613
650
795
673
728
632
782
705
647
625
799
766
702
672
602
671
717
750
614
604
675
719
731
624
642
783
656
631
620
648
773
667
779
740
774
626
658
645
641
749
649
686
708
666
646
657
630
692
698
762
775
679
722
651
781
778
711
644
691
628
736
716
633
786
629
682
712
634
685
747
668
713
755
690
756
684
796
733
780
718
744
617
606
791
768
677
661
638
777
640
699
623
600
670
741
787
764
621
432
463
591
563
469
454
551
466
537
575
513
538
477
596
545
479
552
557
572
502
412
437
424
446
595
445
535
504
532
436
471
458
431
501
498
553
474
422
565
560
576
428
444
482
426
588
587
475
559
485
561
489
523
434
515
539
597
457
453
581
493
459
503
570
577
508
420
598
507
543
438
468
584
583
589
522
517
534
599
461
440
476
464
533
529
566
455
514
526
486
530
528
417
406
449
419
409
558
594
585
404
571
407
519
549
569
512
578
403
433
401
416
496
487
418
494
510
414
478
564
580
554
443
408
451
541
568
505
586
531
439
427
506
423
405
546
524
544
473
536
490
550
435
411
562
410
592
547
573
491
448
462
556
500
425
447
509
555
450
483
579
542
322
252
219
214
262
356
283
201
347
220
373
216
226
202
293
300
259
275
336
211
254
383
231
213
215
353
380
389
295
331
288
399
251
238
272
329
236
370
384
392
228
221
323
304
296
368
382
287
232
260
268
200
381
338
280
284
247
340
241
345
303
327
289
256
253
239
333
237
377
294
398
320
375
386
319
218
351
244
249
332
223
318
317
315
281
234
203
313
265
248
205
378
208
339
227
372
346
240
229
326
357
267
257
297
365
349
394
312
395
367
276
343
217
363
207
230
277
374
235
344
397
352
206
311
255
391
341
308
314
291
286
366
335
305
274
278
263
324
279
361
258
210
290
385
330
355
250
282
325
233
285
273
302
354
242
270
393
310
337
271
364
261
18
6
161
180
98
124
110
68
130
141
65
174
166
197
78
26
182
178
106
194
149
104
51
0
109
94
81
114
131
73
89
122
121
62
102
17
45
165
3
29
90
107
55
191
39
41
5
43
172
9
186
105
2
27
153
50
150
69
120
1
7
187
132
154
123
53
85
44
195
160
75
60
21
157
138
184
71
117
112
175
87
158
145
42
66
91
99
74
128
103
185
148
198
54
192
40
19
111
46
173
23
63
140
100
108
93
20
134
137
14
136
80
142
36
183
189
193
86
135
119
97
127
95
179
96
171
88
82
47
57
56
116
59
58
32
162
84
163
24
52
15
72
113
101
16
169
30
177
34
156
168
159
64
176
48
61
92
10
188
49
147
12
