1067
1172
1164
1042
1102
1036
1158
1179
1136
1122
1199
1130
1050
1089
1195
1030
1182
1099
834
920
856
869
881
832
859
990
938
852
865
958
882
879
969
942
934
966
728
695
603
679
687
771
701
706
693
741
616
640
607
727
653
621
702
769
564
439
491
461
599
456
544
559
470
597
426
539
472
563
452
533
403
509
233
200
250
327
259
270
315
371
298
340
314
204
237
271
209
283
210
263
181
5
23
62
121
174
68
8
65
16
49
91
54
169
189
124
119
146
1189
1026
1065
1025
1020
1192
1186
1095
1070
1108
1162
1137
1114
1038
1060
1040
1106
1084
1045
1097
807
936
818
970
917
896
967
855
820
836
929
980
860
925
846
971
837
945
824
802
639
761
795
764
644
689
683
667
661
604
788
625
633
790
782
726
686
650
778
698
572
416
579
585
570
459
589
580
495
511
458
486
547
520
432
440
467
428
506
524
336
367
214
303
235
376
223
301
328
264
267
353
370
355
227
305
282
244
292
221
135
187
10
40
179
12
4
67
171
184
128
80
81
162
137
154
152
20
133
56
1027
1135
1197
1191
1169
1009
1088
1098
1055
1093
1161
1033
1124
1198
1168
1190
1178
1120
1183
1011
1171
1096
1018
1177
1143
1188
1041
1148
1048
1007
1163
1076
1185
1176
1075
1105
1180
1066
1157
1113
1032
1006
1072
1054
1003
1167
1046
1082
1004
1115
1110
1039
1166
1014
1147
1010
1117
1022
1021
1103
1068
1181
1165
1087
1085
1146
1069
1145
1151
1013
1049
1064
1100
1057
1128
1037
1127
1112
1141
1109
1002
1051
1091
1104
1131
1132
1059
1125
1196
1001
1058
1111
1139
1077
1153
1053
1101
1056
1074
1155
1174
1126
1173
1017
1079
1121
1138
1062
1156
1008
1149
1170
1194
1043
1116
1034
1031
1016
1118
1024
1073
1081
1063
1061
1012
1160
1071
1028
1193
1000
1019
1159
1090
1133
1152
1123
1047
1184
1044
1142
1080
1154
1005
1144
1015
1092
1134
1078
1086
1035
1150
1094
1129
1083
1175
1140
1119
1107
1029
1023
1187
1052
857
840
947
995
821
933
911
964
816
893
863
952
838
992
841
887
941
954
986
924
937
981
973
951
943
974
956
851
977
950
829
808
953
805
997
864
912
815
975
939
835
876
890
927
849
930
921
844
959
827
817
831
884
810
996
885
886
940
819
861
826
868
854
902
895
878
870
976
843
809
910
800
935
904
845
984
880
894
873
993
923
822
994
906
931
828
989
932
922
888
871
874
866
985
916
919
946
955
979
897
944
898
825
901
900
909
833
875
918
889
806
968
872
847
949
960
987
891
905
848
839
803
928
883
850
972
823
948
915
998
804
812
907
999
957
858
926
913
811
830
988
961
862
983
892
814
962
842
801
853
982
978
899
867
813
908
965
877
963
914
991
903
792
731
759
798
785
763
668
735
678
736
775
724
673
654
748
610
672
631
776
674
749
705
635
632
762
665
707
739
658
680
711
786
641
676
768
714
636
787
675
660
757
608
720
671
797
765
746
758
755
774
638
740
663
684
766
772
732
619
770
670
688
756
669
708
696
655
791
796
713
743
606
783
634
677
777
715
609
666
754
645
725
690
738
642
681
703
794
742
646
799
780
623
733
734
751
692
723
744
647
648
613
750
737
656
779
717
601
767
602
611
694
685
620
704
624
629
626
697
652
710
691
730
630
651
745
712
643
773
662
637
784
722
719
622
729
747
618
793
659
615
721
628
700
760
605
752
682
753
614
789
781
612
627
718
709
649
600
664
657
617
699
716
502
565
400
591
435
422
527
496
494
407
473
566
479
463
541
540
411
489
427
518
535
574
445
475
554
523
515
530
516
415
522
474
437
414
469
425
590
598
560
448
401
460
548
500
408
528
542
402
441
501
438
453
537
424
512
568
592
543
595
513
480
557
561
476
596
421
525
555
529
404
481
569
531
550
576
490
521
466
497
586
468
581
405
451
536
508
504
587
477
553
487
464
552
594
575
567
409
436
433
556
418
517
507
503
526
573
584
423
482
431
510
483
478
454
562
420
578
558
450
577
582
492
549
465
551
593
485
493
412
406
462
430
498
444
538
583
571
532
546
484
434
499
443
449
447
413
471
417
519
588
457
545
505
419
410
455
446
514
488
442
534
429
277
385
275
337
300
215
326
291
382
396
260
306
234
242
246
361
341
231
240
226
272
386
249
213
285
364
323
389
311
278
351
309
312
368
387
313
399
395
293
347
295
391
258
372
362
211
265
316
352
324
365
245
375
287
345
363
230
274
338
217
378
356
379
207
350
318
373
247
374
321
335
332
280
251
330
333
359
369
342
310
329
224
294
281
317
384
253
268
206
225
397
248
304
334
289
388
308
201
284
394
222
344
349
257
360
319
232
354
205
296
219
297
348
320
243
212
286
256
236
266
216
218
261
299
343
325
269
239
202
346
398
390
322
273
238
358
241
307
252
262
357
380
339
366
255
220
228
383
331
377
392
290
302
229
381
279
208
203
288
276
254
393
58
145
175
41
115
144
25
21
157
22
102
138
185
26
79
107
36
75
195
61
19
131
172
109
167
193
74
50
196
170
118
9
69
103
190
141
186
90
38
17
88
33
173
32
197
47
182
78
42
198
52
55
156
120
122
11
66
191
140
160
161
163
178
168
142
199
86
194
123
148
18
53
105
1
92
97
89
158
24
73
84
117
155
85
143
14
44
48
165
116
126
0
34
35
132
70
129
87
159
104
136
82
27
77
2
125
177
72
45
114
176
43
95
106
37
99
13
192
59
166
94
30
6
134
60
64
100
31
127
93
111
112
28
29
164
180
108
63
183
71
51
153
101
149
139
39
7
147
76
3
150
188
15
83
57
113
46
96
130
151
98
110
