1121
1193
1111
1177
1005
1019
1010
1047
1026
1029
1050
1153
1123
1180
1148
1049
1087
1046
941
821
983
876
830
924
945
818
960
880
840
835
877
904
910
991
926
899
618
700
659
681
735
736
720
722
603
751
601
685
728
623
755
696
710
717
579
594
521
515
512
488
545
407
489
559
508
519
493
577
490
501
452
491
376
212
239
256
306
211
294
213
389
373
249
266
393
382
206
242
363
272
56
151
97
126
80
21
18
81
109
79
62
7
103
168
133
36
75
76
1054
1152
1143
1184
1130
1186
1147
1142
1055
1174
1042
1189
1065
1092
1113
1091
1163
1068
1132
1033
931
846
885
948
801
895
955
973
981
920
855
964
966
850
900
812
816
894
963
807
745
672
754
607
694
622
789
709
621
714
632
634
649
647
734
768
692
635
661
724
422
428
598
532
567
570
523
590
474
440
539
458
550
566
444
449
536
575
533
571
305
369
328
207
321
275
398
233
295
240
366
378
282
201
345
367
208
330
348
235
47
61
176
42
71
13
188
118
186
29
94
100
69
6
108
141
11
140
19
92
1109
1139
1061
1015
1044
1025
1017
1149
1158
1043
1155
1167
1179
1196
1165
1081
1181
1106
1172
1039
1074
1192
1129
1004
1066
1154
1082
1105
1150
1022
1145
1052
1001
1104
1016
1036
1095
1136
1107
1048
1138
1120
1002
1161
1086
1133
1060
1178
1083
1176
1078
1164
1094
1077
1103
1023
1038
1072
1194
1125
1197
1012
1020
1006
1041
1027
1171
1011
1156
1090
1185
1067
1108
1063
1069
1093
1199
1076
1024
1188
1013
1102
1122
1159
1000
1110
1096
1191
1097
1187
1085
1198
1030
1162
1088
1051
1157
1175
1131
1037
1117
1098
1056
1173
1057
1170
1195
1070
1134
1112
1075
1151
1135
1031
1141
1099
1045
1018
1058
1146
1127
1035
1116
1119
1071
1183
1008
1126
1160
1190
1100
1166
1168
1128
1007
1114
1034
1137
1084
1009
1079
1089
1053
1144
1003
1062
1169
1028
1073
1182
1101
1032
1021
1064
1140
1115
1124
1059
1014
1118
1080
1040
848
999
865
962
873
823
909
915
871
889
841
990
929
859
980
968
849
947
908
808
858
959
805
923
820
940
902
832
845
975
997
965
978
917
914
903
890
998
974
984
843
866
802
986
831
811
996
946
815
936
925
854
836
870
862
839
844
804
860
976
971
857
814
882
951
970
954
992
868
824
930
935
913
888
886
829
892
898
907
956
989
851
872
810
953
826
977
856
995
934
987
891
861
883
837
985
911
958
887
806
884
847
893
916
901
800
834
938
825
949
952
982
939
969
875
943
813
927
897
874
833
918
827
817
852
967
922
881
896
863
822
906
912
864
819
853
905
950
932
869
878
809
921
979
867
994
879
961
944
803
919
988
972
933
937
842
828
942
928
993
838
957
651
779
761
665
683
698
733
750
730
794
671
662
788
702
656
756
666
693
653
605
642
732
652
626
777
660
657
673
640
617
725
686
643
620
648
668
606
752
743
762
610
796
627
631
738
770
798
600
753
678
615
727
663
726
701
757
638
613
729
637
744
705
780
650
646
675
611
703
680
679
748
774
655
787
786
604
784
785
791
718
772
608
711
759
633
742
781
749
719
664
690
677
760
628
667
669
746
609
792
670
764
644
639
747
697
602
676
782
776
616
630
641
682
704
712
731
624
739
795
645
684
723
758
687
695
769
740
765
674
715
799
625
636
793
783
790
775
778
629
763
771
612
797
699
773
713
716
691
767
707
741
737
689
766
614
658
688
721
706
619
654
708
443
480
411
454
441
427
542
499
414
563
498
500
412
433
477
589
596
420
583
578
451
463
478
467
470
415
468
597
584
511
541
557
494
568
529
518
553
520
400
552
448
558
505
580
548
408
492
582
513
419
535
510
450
462
469
446
401
549
538
527
402
526
484
517
445
424
413
417
556
418
416
576
472
410
544
436
406
439
587
460
409
572
540
569
595
495
562
599
502
476
486
473
483
561
482
425
524
530
585
457
479
432
475
591
537
459
551
506
496
514
516
507
592
455
442
434
543
485
555
503
464
554
504
560
456
426
466
586
497
404
546
431
573
547
438
437
531
528
564
429
453
481
435
421
405
522
534
593
447
423
461
588
465
565
525
430
403
509
487
581
471
574
259
215
283
383
399
289
390
219
210
337
245
264
322
379
227
384
304
347
350
214
312
327
315
284
299
225
375
352
274
255
286
248
316
387
332
395
338
258
243
292
297
331
254
380
323
280
260
386
296
300
291
388
334
361
341
385
353
273
309
391
340
224
293
359
333
374
287
370
336
360
234
231
204
226
318
349
372
307
271
203
290
329
232
303
246
221
220
216
270
237
236
276
217
301
281
342
371
223
362
365
253
241
202
320
251
377
356
319
279
317
354
344
267
262
368
200
205
218
324
263
381
339
392
397
244
268
343
357
228
257
325
285
308
351
229
394
358
230
222
298
311
335
326
314
313
247
269
209
302
250
355
288
396
310
364
265
252
346
278
238
261
277
161
169
156
85
101
93
32
96
74
112
110
34
35
86
128
120
25
147
145
66
138
123
146
153
12
60
104
57
45
5
139
152
87
142
17
63
2
148
82
78
160
149
121
106
88
68
9
137
198
113
127
39
164
95
3
159
53
173
38
49
26
98
4
185
194
115
54
58
116
41
136
72
50
44
91
125
196
83
171
99
40
46
130
23
119
27
154
22
122
90
114
134
191
117
14
155
189
59
20
111
180
55
195
166
16
170
105
131
43
187
124
129
144
33
48
172
143
177
84
64
37
190
183
89
77
158
193
157
199
192
167
175
28
182
52
31
73
102
67
0
1
184
135
197
181
24
162
15
107
178
65
70
163
165
30
174
51
8
132
150
10
179
