1006
1122
1141
1075
1019
1074
1050
1011
1156
1056
1154
1136
1153
1164
1045
1116
1146
1184
956
999
919
863
971
811
820
938
898
855
942
806
869
908
921
914
842
943
631
665
610
621
605
785
710
734
613
795
764
725
777
789
752
745
793
778
545
417
550
582
440
572
510
425
551
544
555
466
435
439
513
418
457
443
351
206
202
334
230
320
247
257
297
343
288
274
327
265
211
345
388
259
149
141
111
153
3
119
77
75
15
96
165
184
12
80
139
0
103
97
1024
1175
1169
1004
1138
1039
1150
1145
1117
1026
1044
1090
1035
1003
1020
1149
1091
1130
1118
1199
989
804
905
988
932
887
998
981
865
996
878
955
890
849
916
911
853
800
987
907
671
739
716
628
760
619
743
650
656
692
799
666
617
626
759
695
705
729
771
608
434
431
514
450
598
494
504
594
464
498
548
573
463
414
400
533
591
576
441
449
359
256
377
220
328
299
231
302
383
385
281
305
376
325
221
278
322
391
389
316
22
194
52
50
10
90
127
112
189
76
110
19
86
129
140
85
138
159
150
131
1063
1078
1038
1137
1000
1043
1158
1124
1047
1176
1095
1009
1109
1147
1073
1005
1193
1170
1105
1126
1135
1129
1081
1030
1125
1131
1084
1067
1025
1032
1100
1036
1177
1070
1186
1163
1010
1103
1198
1151
1001
1160
1148
1096
1037
1111
1029
1077
1102
1083
1114
1068
1028
1172
1180
1143
1076
1049
1120
1181
1159
1110
1086
1014
1189
1144
1108
1128
1094
1098
1142
1127
1167
1155
1051
1178
1066
1027
1069
1115
1195
1101
1093
1140
1060
1046
1162
1079
1185
1018
1082
1187
1157
1099
1071
1062
1092
1171
1080
1089
1179
1012
1034
1165
1112
1173
1168
1182
1191
1196
1113
1057
1064
1021
1190
1053
1042
1119
1022
1123
1174
1106
1007
1008
1017
1040
1002
1041
1132
1048
1152
1166
1161
1061
1139
1072
1031
1107
1104
1194
1059
1192
1088
1087
1013
1183
1065
1188
1197
1033
1052
1016
1085
1097
1055
1054
1058
1015
1133
1121
1134
1023
949
835
944
843
805
897
833
915
899
990
846
888
933
930
883
817
859
997
926
823
909
836
893
993
965
871
802
801
866
950
951
958
984
991
809
831
844
976
975
952
928
935
927
840
979
967
826
894
821
807
895
985
959
945
880
934
841
940
851
856
947
968
877
910
923
874
986
953
982
974
941
815
818
834
961
872
912
868
924
830
902
885
876
829
931
870
864
850
918
819
972
858
861
828
881
854
847
857
827
992
860
994
913
845
973
939
946
862
824
901
838
892
906
903
962
889
904
867
978
960
879
810
995
848
969
948
837
896
966
954
882
816
929
970
917
980
852
825
964
891
922
920
803
936
884
814
983
813
900
839
963
875
937
925
832
886
957
812
808
977
873
822
797
781
736
792
676
746
699
603
693
614
622
694
798
637
688
643
600
732
738
657
796
756
711
660
726
649
723
754
762
733
714
655
609
618
667
766
689
633
673
683
730
791
627
607
615
647
728
686
788
624
708
775
782
687
644
701
685
731
651
779
773
704
748
776
645
700
744
747
722
737
786
616
696
718
675
620
784
658
751
794
757
682
669
698
612
601
770
691
761
634
767
630
690
712
674
684
769
750
678
702
639
611
787
653
758
642
602
679
638
713
670
768
715
648
755
680
765
783
749
681
625
790
623
741
706
635
604
677
763
717
606
640
661
659
721
740
632
780
672
709
703
724
664
774
735
636
662
727
652
772
753
707
654
641
629
720
719
668
742
646
663
697
568
474
599
493
403
558
541
515
590
477
527
509
437
526
433
462
412
577
465
454
525
592
586
563
473
554
507
475
578
486
469
540
442
432
585
424
485
511
401
488
512
426
420
490
447
416
483
497
583
589
506
406
445
537
556
470
459
517
528
587
508
407
543
520
566
489
595
529
427
422
580
461
542
518
484
453
567
444
562
452
579
419
584
491
410
516
405
561
549
570
557
468
581
531
438
523
524
455
476
553
479
564
559
428
446
569
421
571
487
413
423
501
482
496
448
492
480
429
532
499
471
460
593
536
430
547
404
530
458
456
535
402
409
408
411
472
588
495
503
519
552
451
539
478
575
481
574
546
415
467
534
565
522
502
596
538
597
500
521
436
560
505
213
233
218
396
242
340
373
291
261
245
263
229
370
319
368
246
356
329
362
238
367
326
285
313
309
304
226
293
314
342
353
241
399
300
366
317
375
252
222
335
223
260
232
254
214
363
287
394
303
286
217
244
283
262
200
365
357
270
207
315
296
280
339
275
393
298
361
243
371
258
282
276
205
289
267
201
272
398
307
248
249
292
311
321
378
228
354
387
318
225
273
250
344
380
364
331
337
372
332
301
374
355
264
215
209
284
323
239
290
333
240
235
338
253
203
348
336
234
324
255
381
216
236
330
227
350
392
279
360
212
210
266
349
310
347
251
204
382
384
269
379
346
341
358
219
268
224
397
294
295
271
386
369
390
208
395
306
352
308
312
237
277
69
72
30
192
60
136
152
190
180
195
48
177
88
13
164
166
170
94
24
37
87
47
193
183
135
64
172
78
101
125
42
31
107
142
70
66
162
71
118
181
188
174
32
74
179
5
148
33
182
133
169
46
43
82
116
34
11
95
23
26
117
65
108
137
120
156
25
84
144
51
9
163
27
54
154
81
186
89
185
18
109
7
58
21
171
49
98
130
16
196
115
39
57
62
113
173
63
151
146
134
132
161
122
100
158
176
106
1
104
155
123
126
68
157
56
14
73
105
92
167
20
53
4
35
40
114
61
143
45
93
36
83
59
99
102
198
79
41
6
17
91
178
44
175
187
8
2
38
191
28
199
147
121
29
145
128
67
197
55
124
168
160
