1116
1043
1199
1187
1082
1017
1128
1083
1136
1108
1114
1141
1090
1169
1066
1038
1111
1165
974
871
856
887
837
879
815
995
987
937
928
948
994
842
953
874
951
855
792
776
742
736
644
691
710
603
708
667
659
698
703
716
732
679
601
655
592
486
440
564
462
442
546
467
571
428
587
594
557
466
582
516
570
421
225
309
353
220
306
374
379
277
392
241
267
395
394
329
228
388
347
336
52
65
88
191
86
164
19
169
58
5
24
11
196
43
189
39
80
176
1084
1195
1016
1152
1037
1154
1104
1078
1048
1009
1047
1068
1171
1101
1170
1035
1117
1094
1132
1027
849
954
949
857
861
991
870
865
990
892
897
830
834
936
877
885
950
935
989
958
618
631
728
600
707
705
613
690
789
657
711
628
634
733
639
754
671
609
607
709
567
519
525
521
545
411
478
463
429
528
537
494
548
581
422
409
431
459
496
413
308
344
365
377
382
396
389
223
333
212
352
286
252
272
307
205
371
244
276
330
74
174
29
157
158
193
192
127
136
187
4
178
47
123
144
105
91
108
63
50
1099
1129
1052
1087
1167
1122
1086
1144
1138
1146
1018
1149
1013
1024
1145
1025
1026
1180
1076
1189
1118
1100
1173
1075
1159
1085
1014
1162
1074
1046
1140
1006
1106
1147
1107
1105
1071
1161
1039
1093
1172
1002
1007
1008
1091
1185
1000
1005
1119
1092
1174
1022
1121
1155
1175
1120
1176
1139
1143
1036
1151
1163
1192
1130
1060
1150
1198
1148
1112
1137
1088
1134
1190
1029
1069
1041
1032
1072
1044
1065
1158
1113
1182
1166
1194
1135
1157
1062
1196
1097
1153
1123
1067
1023
1197
1045
1012
1193
1080
1056
1021
1115
1103
1010
1011
1110
1102
1031
1179
1184
1131
1073
1064
1096
1164
1063
1015
1061
1127
1019
1057
1160
1004
1178
1126
1156
1001
1030
1089
1049
1181
1098
1183
1188
1058
1191
1051
1077
1020
1168
1125
1034
1050
1124
1055
1053
1095
1059
1054
1033
1133
1142
1040
1081
1003
1070
1042
1177
1079
1028
1109
1186
817
823
956
894
864
923
812
978
910
957
825
940
851
835
867
980
930
860
843
880
998
979
826
938
985
993
884
913
806
840
909
927
813
859
808
942
973
919
802
822
890
939
952
943
873
824
931
902
988
903
941
899
896
888
977
970
975
901
816
924
964
946
811
853
807
933
918
944
969
852
847
981
854
976
945
850
800
878
810
984
929
912
868
925
972
862
996
917
947
932
832
961
858
895
803
845
827
906
841
836
916
971
805
820
926
818
844
809
831
872
911
829
983
907
876
821
900
828
921
833
839
848
904
908
955
889
934
997
881
866
814
986
999
846
915
962
898
869
875
819
965
882
838
982
863
967
922
960
968
883
905
992
963
886
920
893
804
966
891
914
959
801
782
774
666
623
751
642
723
701
791
636
675
715
713
721
797
677
726
689
777
624
668
731
615
688
621
730
635
683
678
605
632
766
773
653
622
695
654
799
699
781
697
660
629
610
651
762
788
617
719
720
646
717
790
611
696
786
694
727
647
768
686
608
681
682
645
793
744
761
606
704
649
620
749
648
767
746
769
652
669
755
641
630
738
753
712
656
771
680
745
785
794
758
775
673
661
772
700
616
670
602
626
757
643
765
783
714
706
734
625
778
633
718
724
692
650
722
627
663
741
759
770
760
674
685
756
796
740
748
752
658
747
743
739
619
798
662
784
693
672
764
687
665
614
640
779
638
787
780
604
735
612
684
737
750
664
729
763
637
676
795
725
702
551
420
481
530
465
518
566
572
416
550
448
504
480
536
539
577
487
457
449
473
460
408
597
489
544
434
424
503
576
468
501
450
493
522
513
476
482
556
412
474
598
447
585
534
454
508
573
401
565
524
533
532
583
485
453
554
452
549
402
579
499
415
538
555
432
464
484
505
529
405
430
414
558
596
407
569
477
471
439
444
455
591
527
497
509
475
523
506
561
425
479
584
437
586
502
403
574
404
419
443
498
495
445
580
483
423
589
446
500
441
578
491
470
469
507
406
472
436
488
520
575
531
515
512
593
400
588
456
599
426
552
547
563
535
451
461
526
417
492
438
517
435
427
562
433
590
541
510
595
418
410
490
553
511
543
458
514
568
559
540
560
542
300
273
209
237
222
322
376
204
203
399
385
200
375
325
317
335
278
341
383
299
397
331
232
332
254
246
236
268
288
271
369
285
280
227
339
287
295
303
211
310
206
391
367
296
256
215
218
217
289
350
214
321
239
264
370
301
207
294
248
247
358
387
238
281
229
258
219
293
360
245
334
311
361
270
356
363
240
255
326
345
292
265
249
343
315
355
266
231
202
304
342
262
291
221
274
324
224
357
297
393
279
305
316
250
346
337
380
312
283
327
362
390
226
354
269
216
313
314
398
260
368
351
349
302
230
318
373
328
208
384
378
234
372
261
201
259
319
338
251
242
298
235
284
359
290
366
275
257
263
348
210
243
364
233
320
213
253
386
340
323
381
282
31
114
134
21
107
90
10
68
98
92
124
45
3
69
99
102
30
33
0
9
12
26
1
73
142
113
150
185
23
173
137
149
54
159
117
48
95
77
126
180
116
188
143
16
147
96
125
167
82
186
118
59
35
163
85
49
103
110
13
111
133
161
119
154
100
140
151
64
14
78
131
106
81
57
172
75
61
42
62
56
171
104
71
141
175
32
38
183
8
55
53
197
44
115
198
162
27
18
190
66
155
112
146
40
135
168
184
60
41
67
72
145
152
46
101
148
87
139
181
70
2
160
109
182
129
22
89
15
177
94
120
122
34
138
153
165
36
170
37
20
128
83
25
199
156
6
194
84
179
7
195
121
28
79
76
132
17
93
130
166
51
97
