1183
1014
1053
1158
1100
1094
1085
1033
1188
1063
1062
1095
1176
1111
1135
1122
1078
1064
895
977
991
808
942
806
930
885
933
839
823
845
872
990
894
814
980
921
754
608
676
717
650
664
771
633
658
617
737
665
669
725
627
635
624
786
506
402
412
449
531
479
577
419
524
413
536
517
540
477
447
423
441
512
299
220
360
370
262
201
236
333
302
202
203
229
308
237
379
298
247
264
130
21
93
166
88
14
161
198
108
192
181
144
84
77
153
109
150
57
1007
1159
1061
1128
1075
1191
1118
1125
1088
1177
1045
1153
1043
1198
1145
1175
1169
1074
1002
1113
995
957
966
999
918
960
873
821
882
883
844
906
997
998
986
988
938
972
946
931
705
699
791
645
744
612
681
707
619
757
714
713
648
716
789
637
675
727
603
631
498
535
446
592
568
484
529
509
565
463
476
468
546
437
493
585
458
503
466
581
382
230
267
218
281
289
369
388
293
320
268
296
231
303
204
250
323
205
378
284
75
74
98
137
103
66
58
19
55
97
36
164
23
196
123
163
138
190
128
2
1186
1155
1013
1004
1149
1012
1103
1071
1025
1048
1101
1073
1173
1137
1170
1157
1093
1163
1058
1031
1029
1060
1126
1052
1117
1026
1097
1190
1123
1167
1020
1104
1047
1194
1147
1034
1005
1142
1129
1051
1082
1069
1197
1141
1165
1160
1138
1107
1036
1124
1040
1152
1115
1127
1070
1000
1080
1148
1189
1161
1120
1027
1037
1151
1150
1056
1084
1108
1030
1035
1181
1178
1057
1136
1089
1018
1133
1105
1086
1092
1143
1038
1144
1016
1010
1172
1131
1140
1132
1039
1110
1083
1001
1134
1091
1162
1146
1008
1164
1042
1130
1154
1054
1055
1021
1096
1121
1195
1116
1196
1032
1168
1112
1102
1077
1006
1156
1067
1171
1106
1046
1099
1087
1050
1187
1193
1011
1109
1059
1049
1174
1182
1041
1114
1023
1072
1017
1166
1024
1081
1028
1066
1065
1179
1192
1009
1076
1090
1180
1098
1119
1185
1019
1199
1044
1184
1003
1022
1079
1068
1015
1139
915
967
899
847
955
892
862
843
952
947
949
819
981
837
804
884
889
854
829
917
850
890
858
910
902
887
934
802
842
989
811
800
813
853
924
815
818
935
897
965
911
828
950
982
928
959
826
907
875
970
848
994
833
803
961
956
992
886
922
944
919
836
927
841
855
874
896
878
976
901
951
857
937
830
805
963
877
925
979
962
936
812
810
827
905
914
948
871
968
891
851
838
975
860
817
861
916
870
904
863
900
984
876
831
940
859
824
973
881
840
898
852
969
964
820
993
816
945
941
987
807
929
908
913
932
909
865
801
866
985
893
920
926
846
809
953
864
939
849
825
832
958
835
856
834
888
971
974
822
996
869
978
923
943
868
903
880
912
983
954
879
867
685
639
679
704
662
785
622
613
747
670
615
671
641
646
605
720
772
601
611
689
784
750
749
728
794
653
729
629
626
654
752
740
764
709
673
782
625
694
736
628
649
634
760
796
751
797
701
614
640
756
667
721
630
795
663
775
774
693
722
698
799
618
677
638
726
767
657
607
609
770
616
690
790
695
610
762
787
706
636
731
746
678
672
759
696
652
600
715
700
778
659
766
758
604
651
697
661
656
743
781
620
643
632
765
691
606
769
703
768
739
644
708
692
724
686
763
732
783
687
798
779
730
776
738
621
642
623
660
753
745
788
733
666
792
719
773
712
655
755
682
748
741
674
680
602
777
688
723
734
711
683
702
780
710
742
793
761
684
647
735
668
718
427
450
469
588
418
444
424
422
491
575
548
490
452
537
430
410
433
586
472
521
542
470
561
520
595
429
513
597
460
457
400
549
556
519
582
436
589
404
560
576
488
442
407
525
445
593
544
409
417
543
563
578
500
494
574
440
511
431
464
507
483
569
465
518
523
541
501
480
414
492
598
408
564
514
554
425
590
508
420
594
485
558
530
421
496
516
415
434
405
534
495
455
462
547
432
504
502
599
471
406
456
567
481
499
454
573
550
555
510
572
453
435
553
486
443
474
528
416
571
489
515
566
467
545
439
426
473
532
570
591
438
475
482
403
527
448
533
579
411
401
538
487
562
580
583
451
459
559
552
461
522
587
428
596
505
557
551
539
526
584
497
478
211
278
330
225
222
248
227
312
272
313
286
306
285
301
347
251
300
343
243
212
226
358
352
240
392
381
210
321
259
383
224
269
221
377
375
332
393
223
255
235
350
241
372
213
373
327
249
376
399
253
228
200
355
246
207
242
309
282
387
336
216
335
364
356
398
389
304
209
208
288
254
283
234
290
385
338
258
291
252
331
287
362
260
316
232
359
326
361
275
394
238
386
279
263
329
339
280
239
368
297
294
325
292
274
390
244
341
328
340
315
397
391
351
319
367
371
384
256
233
273
214
266
324
276
277
396
307
215
310
311
346
305
345
270
354
295
217
257
349
344
317
314
318
245
265
365
261
374
380
342
322
206
363
353
395
357
348
219
334
366
271
337
110
44
0
116
54
107
111
43
12
28
30
65
143
151
176
185
4
132
199
104
40
13
47
167
81
51
158
183
25
59
141
85
82
34
50
152
147
87
159
27
63
186
17
76
184
64
94
131
115
157
72
133
129
171
29
178
160
112
96
114
146
126
80
83
122
154
136
100
177
99
187
45
170
189
106
6
39
69
8
60
32
20
53
125
86
42
9
22
102
124
41
145
179
197
91
52
120
101
149
118
162
117
140
95
78
139
56
175
1
67
10
180
174
193
71
135
48
182
49
105
188
89
165
134
155
73
142
3
195
156
26
119
70
173
5
16
148
33
172
127
194
169
79
113
68
62
61
35
191
38
92
46
31
90
18
24
168
121
15
11
7
37
