1159
1128
1035
1072
1082
1164
1047
1105
1163
1144
1044
1124
1106
1043
1114
1186
1126
1065
826
859
871
972
967
917
952
835
857
868
884
800
994
907
880
981
982
888
771
709
679
730
617
670
632
705
740
741
619
788
752
762
787
652
725
682
590
422
576
477
441
518
529
505
460
448
591
490
575
571
584
488
447
523
350
353
235
221
305
249
364
381
356
229
237
324
280
338
385
232
278
227
179
142
184
111
148
126
30
81
82
193
161
46
8
3
53
140
61
196
1109
1036
1115
1112
1198
1025
1125
1032
1185
1160
1034
1009
1053
1138
1192
1079
1135
1172
1086
1151
867
920
975
852
999
893
983
830
816
829
814
910
966
873
853
833
802
848
927
980
673
733
624
796
729
655
695
642
774
791
649
750
683
658
621
603
743
786
779
716
411
471
539
562
480
565
443
466
414
445
594
421
570
452
566
407
467
430
402
546
329
373
298
248
301
311
239
390
322
383
327
318
342
384
220
370
303
268
328
374
38
18
173
158
55
86
9
73
157
171
10
182
50
99
51
183
44
67
132
100
1024
1110
1019
1188
1117
1023
1050
1076
1006
1059
1029
1139
1011
1176
1038
1197
1113
1148
1077
1099
1085
1194
1093
1005
1161
1037
1104
1129
1116
1046
1060
1196
1069
1173
1141
1182
1075
1040
1061
1027
1193
1118
1191
1091
1131
1031
1137
1030
1145
1051
1175
1183
1022
1184
1080
1013
1008
1056
1087
1102
1021
1092
1042
1136
1122
1103
1095
1088
1028
1149
1094
1162
1054
1084
1157
1166
1073
1012
1199
1089
1119
1168
1171
1068
1107
1152
1120
1178
1187
1130
1014
1179
1070
1004
1078
1165
1123
1177
1057
1018
1156
1143
1097
1170
1033
1150
1062
1134
1045
1017
1007
1003
1055
1153
1067
1121
1181
1180
1001
1048
1158
1174
1101
1081
1147
1041
1167
1155
1127
1058
1039
1108
1049
1190
1142
1002
1066
1083
1052
1016
1026
1169
1064
1098
1133
1195
1015
1010
1154
1074
1111
1071
1100
1090
1000
1189
1132
1140
1020
1146
1063
1096
849
989
930
836
858
990
963
996
862
945
988
939
837
991
954
874
806
890
918
987
847
942
803
904
916
899
964
865
822
992
931
812
885
974
869
908
924
961
957
827
850
905
876
840
902
805
825
817
851
824
872
923
842
993
811
900
960
866
935
828
894
955
887
984
979
838
973
906
881
878
856
815
921
948
870
956
911
841
801
915
810
844
959
997
891
901
823
922
965
892
834
928
818
937
926
898
855
951
845
808
947
971
854
886
804
943
809
913
879
933
995
819
882
940
860
919
896
863
944
807
985
909
821
953
932
934
929
914
938
895
897
949
925
912
889
846
813
970
941
976
978
883
946
958
831
864
820
969
950
839
832
986
962
998
936
877
977
903
861
843
968
875
722
782
607
616
609
790
604
718
606
612
635
699
700
664
644
777
760
701
769
799
783
727
763
765
793
654
678
736
601
713
668
690
714
707
704
651
772
661
692
724
677
634
653
641
626
623
728
697
775
789
773
719
608
640
702
637
685
689
610
768
764
680
687
784
746
778
754
667
766
721
648
625
708
686
738
780
751
797
748
794
715
758
672
744
739
688
613
665
659
726
785
710
731
647
776
650
660
694
781
671
770
684
742
646
628
795
693
755
600
734
703
657
602
757
631
620
717
759
669
636
681
645
798
745
611
761
633
674
747
627
639
676
643
696
792
614
675
711
662
767
656
706
749
735
732
712
720
723
666
630
615
756
605
663
753
737
629
691
638
622
618
698
579
532
563
428
451
556
588
572
400
429
561
489
534
476
496
459
486
553
409
401
462
494
547
437
567
585
475
536
569
599
578
526
583
410
596
587
405
586
439
513
531
444
564
483
472
582
481
597
555
465
522
434
530
560
495
557
493
426
568
416
542
423
580
574
412
425
433
469
558
440
554
527
404
508
470
516
589
436
415
473
503
474
544
487
592
573
521
528
427
418
551
413
500
450
417
449
537
520
424
501
509
541
548
463
552
519
455
514
408
543
442
525
456
478
507
446
435
515
595
499
406
577
431
549
581
538
461
517
453
419
458
504
482
512
420
598
484
492
593
535
497
438
479
468
454
403
506
464
498
524
540
502
533
550
545
485
510
432
457
491
559
511
369
306
243
224
210
299
233
207
257
200
309
363
222
344
259
281
261
389
293
378
332
253
392
264
289
274
236
255
340
362
204
376
398
285
269
217
272
380
372
320
246
286
297
208
312
352
284
393
242
345
287
396
214
368
339
331
247
330
347
279
288
251
276
260
319
371
226
354
205
219
387
382
203
234
310
367
300
265
211
315
361
273
317
355
377
256
295
209
202
333
346
314
399
201
250
388
316
245
308
375
291
326
292
230
216
360
334
359
262
343
321
252
275
218
296
335
395
244
351
213
313
397
283
357
206
336
228
266
254
231
391
294
394
271
241
215
238
212
307
258
270
304
349
365
325
366
358
341
386
348
379
225
337
290
223
302
323
263
277
267
282
240
96
11
144
187
17
84
185
54
192
21
120
155
147
129
15
146
102
137
110
198
191
60
163
37
74
76
125
27
97
127
131
194
68
34
162
20
83
114
164
123
152
115
26
141
43
167
199
95
63
112
101
66
136
176
36
117
145
168
165
70
45
149
128
91
1
174
75
93
7
31
105
153
159
107
57
122
177
25
14
195
48
106
130
151
59
178
29
121
22
156
35
124
12
189
109
181
19
170
188
49
87
172
166
33
5
13
4
92
78
42
24
32
72
71
0
143
134
133
169
88
80
39
47
138
118
108
56
65
79
85
62
6
139
16
190
98
64
186
160
52
89
116
180
90
69
40
23
113
154
175
197
41
58
104
150
28
2
94
119
103
135
77
