347
540
569
930
1020
570
919
1042
454
63
957
937
801
378
193
344
458
165
110
1031
537
466
548
812
377
770
794
776
315
1000
443
1038
417
337
855
380
271
218
651
16
208
266
42
638
231
32
994
865
65
750
191
510
881
987
752
79
723
376
583
339
943
791
928
807
177
84
853
325
400
450
854
359
790
438
372
332
116
924
385
923
52
782
821
53
468
757
870
1001
425
172
829
60
701
519
154
716
144
189
849
515
866
813
1014
962
139
1039
497
725
163
525
71
806
314
444
422
789
72
447
1027
456
153
353
430
186
1047
348
336
288
692
679
275
239
685
693
279
219
215
280
286
28
263
285
618
216
38
37
204
269
284
229
223
441
70
507
115
493
469
365
416
541
742
546
307
499
907
720
756
880
119
903
730
362
713
195
188
169
543
199
410
588
771
560
539
873
432
788
470
953
992
839
66
64
94
317
879
568
321
504
108
702
514
710
598
192
489
762
316
906
149
803
927
197
944
373
703
89
581
67
318
419
387
859
187
198
105
1029
838
1007
462
902
556
480
895
802
977
734
140
175
486
423
150
178
959
137
883
501
174
482
179
481
698
830
487
861
857
969
773
532
183
47
107
500
301
599
564
521
147
740
822
181
409
304
312
577
445
711
580
1003
767
93
1044
597
809
827
90
746
141
729
338
529
477
1006
799
533
180
190
722
294
435
368
993
367
293
455
731
1046
805
357
366
45
1022
561
134
518
913
324
579
313
446
394
976
808
792
996
988
155
390
474
901
949
739
766
1018
431
753
484
871
523
594
571
91
896
920
156
998
815
381
502
869
940
832
463
784
828
151
330
979
576
876
328
122
554
424
590
864
848
986
382
342
934
413
715
290
1017
572
511
82
145
967
310
494
112
322
862
872
126
1008
526
858
396
709
932
825
863
904
405
552
101
761
102
747
582
351
113
297
877
538
1015
399
826
814
460
404
939
823
915
196
585
503
797
303
910
395
831
882
349
890
345
528
439
566
738
97
856
783
311
741
364
578
452
945
326
981
885
574
426
398
785
914
1028
492
842
433
437
798
457
185
891
818
735
975
299
918
88
542
936
573
819
780
534
522
938
411
520
162
817
289
69
898
954
589
836
164
592
495
737
44
991
436
1024
306
960
717
567
130
55
490
965
765
759
449
980
593
966
867
724
889
1045
354
459
100
950
810
320
1009
335
888
194
893
98
787
146
596
781
476
843
744
846
374
331
591
517
544
136
551
120
796
595
135
990
157
346
498
467
922
941
1033
57
942
412
1012
68
371
440
305
143
958
989
736
952
727
483
948
527
300
774
361
714
392
403
733
142
1011
86
786
997
114
844
370
379
308
565
1016
159
884
763
995
779
562
1030
505
167
1043
434
340
453
302
712
555
74
983
835
129
845
472
133
341
1002
73
841
908
62
718
87
760
418
85
356
951
931
916
909
563
700
170
56
851
545
131
473
1005
48
530
894
971
1041
531
78
363
705
1037
900
75
298
1025
769
587
793
559
168
99
847
96
173
1050
420
83
109
428
929
778
897
584
905
1004
1010
323
748
407
384
833
61
397
925
54
535
76
811
892
764
360
80
973
415
1021
978
772
754
970
401
800
81
758
333
732
999
558
421
118
860
111
369
947
408
878
751
406
309
1036
488
508
706
699
816
479
49
123
775
708
485
465
343
961
955
448
138
516
536
524
117
1034
704
956
852
506
513
1049
911
92
121
926
375
358
46
329
176
804
352
982
1013
850
553
974
127
1032
972
575
95
161
124
984
429
887
182
58
912
291
152
106
549
768
840
985
184
755
471
886
512
451
1048
509
334
745
461
166
550
427
59
935
1026
491
875
319
874
707
148
586
721
834
726
547
719
921
295
355
104
296
414
795
125
388
478
837
824
442
350
749
386
393
728
128
383
171
1035
963
1023
464
968
777
132
158
103
820
160
50
1019
964
933
51
475
391
292
899
1040
496
917
557
77
327
868
402
389
946
743
652
222
4
655
202
23
203
660
237
277
258
12
238
270
628
673
625
615
200
260
644
201
27
624
665
678
5
7
603
211
217
641
1
643
609
647
259
13
620
220
669
632
15
617
694
30
205
278
616
25
619
683
646
221
250
282
642
248
18
43
19
667
637
21
677
235
206
689
11
675
276
2
246
272
690
224
633
606
255
264
657
267
40
3
36
33
687
634
226
656
245
274
696
681
233
35
648
240
241
630
232
212
622
257
608
663
287
654
17
697
664
670
213
209
236
626
24
658
261
653
639
243
20
8
680
659
610
210
244
268
674
688
650
649
207
611
31
9
227
676
228
601
671
242
614
631
41
635
605
283
686
256
621
225
672
262
600
691
661
254
604
627
629
253
26
640
612
623
6
662
29
0
251
281
682
214
14
249
247
695
234
252
22
39
607
636
645
10
684
230
265
273
613
34
666
602
668
