155
734
985
383
904
194
340
334
971
1019
385
521
872
351
105
352
991
702
932
961
47
294
152
760
731
130
1029
331
515
796
181
82
944
408
1016
363
609
215
219
687
38
656
692
21
652
648
707
193
513
393
835
475
108
1021
93
862
290
851
146
97
995
328
848
114
785
182
361
428
986
908
161
856
940
828
490
57
445
71
587
907
767
370
799
144
978
895
1012
433
339
69
900
943
866
917
148
953
497
420
733
119
789
783
761
522
483
503
948
773
867
700
763
1022
401
60
139
129
329
405
548
920
982
406
501
553
792
395
726
591
266
253
237
674
658
267
679
232
227
236
221
261
36
611
670
216
212
14
11
18
685
256
677
359
449
117
324
534
822
185
558
459
815
930
739
928
460
934
493
742
597
890
887
413
996
589
150
791
159
66
941
367
335
103
396
788
1007
993
582
1031
801
529
67
417
806
429
756
423
912
198
844
134
810
738
354
381
149
765
341
85
945
178
451
921
469
436
64
564
360
965
550
595
1026
306
569
926
52
104
118
387
120
377
748
98
524
1030
416
1040
131
577
852
826
62
89
750
536
541
1044
467
892
598
779
898
787
542
819
813
54
963
312
571
68
80
191
446
712
1033
753
333
915
994
298
824
398
701
59
457
94
547
840
893
476
1011
784
903
142
127
1039
293
897
87
888
92
567
310
374
485
593
113
53
1000
818
481
291
464
714
949
894
74
430
881
512
924
736
342
882
539
556
1035
786
123
560
407
896
722
96
745
544
846
499
820
833
829
438
966
1045
448
808
998
502
766
574
473
305
755
427
327
1014
55
562
179
889
189
724
876
414
884
297
495
1041
296
190
314
751
885
584
479
486
711
135
725
1049
362
58
164
860
526
115
121
732
143
195
348
311
909
419
391
523
426
830
918
488
923
169
703
922
466
199
78
478
737
411
384
453
138
1018
188
468
519
180
1020
140
313
823
911
877
439
805
95
392
842
914
836
857
163
964
747
743
706
376
186
124
315
831
557
128
854
112
821
358
899
336
318
116
913
741
990
157
554
974
176
754
838
83
172
586
901
563
154
533
811
168
910
147
937
992
886
507
122
827
958
514
394
1004
588
561
49
166
160
369
338
537
540
790
812
768
173
809
777
816
45
798
975
506
317
48
762
325
379
432
719
399
371
84
88
1013
969
552
378
304
960
968
825
366
780
875
309
758
170
440
403
832
531
797
592
1006
65
551
410
984
845
1032
1024
184
967
972
364
167
543
919
568
158
388
988
746
456
999
566
356
494
950
472
1008
418
1037
933
535
853
156
424
517
729
187
465
162
740
864
90
772
75
350
337
380
400
373
576
718
580
727
102
863
757
496
956
518
874
300
307
133
596
834
939
343
72
455
480
916
292
929
793
565
709
954
599
500
111
347
1003
70
1047
538
905
764
1028
171
976
353
728
935
527
1010
153
855
843
781
570
509
450
301
545
474
489
357
319
981
752
721
487
720
434
99
482
581
858
165
871
861
303
705
775
804
938
192
1005
132
942
931
412
345
710
549
288
397
716
151
575
841
546
770
1015
525
498
404
1001
955
594
50
759
61
452
477
802
927
717
847
868
578
803
349
73
437
508
698
947
708
302
583
344
723
925
100
137
559
715
800
443
326
865
957
77
504
555
946
936
442
323
44
590
979
56
51
390
573
1025
141
528
425
744
859
997
1042
183
126
441
447
382
435
372
713
110
86
873
795
516
316
778
962
530
174
1023
1034
346
322
511
883
330
902
1048
454
572
850
470
959
79
332
1017
431
782
699
952
735
136
951
295
484
794
107
91
375
807
81
177
869
444
505
839
520
491
145
471
989
814
196
1002
870
879
1009
970
421
704
355
891
175
1038
402
771
730
422
365
749
462
973
368
289
776
1036
983
461
977
510
1043
492
101
980
299
458
308
849
1027
415
389
1046
409
320
386
774
106
878
817
532
109
46
197
1050
906
769
880
987
76
837
463
321
585
63
579
125
695
202
223
625
249
251
688
287
262
210
649
33
624
602
664
6
233
265
247
250
697
225
273
263
240
653
693
627
211
4
630
234
231
635
651
10
28
269
16
683
605
681
640
3
280
694
15
25
626
645
252
279
643
631
644
686
646
264
661
35
238
283
207
204
17
659
27
19
37
678
22
226
12
665
245
206
642
615
282
40
660
608
254
31
217
255
637
242
258
618
676
24
647
621
600
32
634
654
613
619
689
680
270
633
278
235
604
209
276
666
268
5
632
8
668
684
228
272
29
1
601
23
42
274
617
284
675
259
13
271
629
607
275
257
623
39
222
229
638
696
220
639
669
606
43
246
610
248
260
622
682
614
281
657
603
224
214
616
41
655
213
650
205
691
0
690
2
667
663
612
200
673
26
30
9
239
672
286
277
203
201
208
218
7
662
620
34
20
628
230
641
241
243
671
636
285
244
