156
157
327
991
1045
380
112
969
310
86
326
74
967
919
862
60
798
823
976
136
930
1017
473
781
186
177
705
483
307
502
110
944
505
819
93
551
675
259
275
619
608
610
40
633
666
217
436
507
752
114
700
992
196
840
764
64
957
985
349
728
955
49
343
290
733
845
526
763
113
796
709
815
901
816
908
936
453
91
725
318
865
929
133
407
366
393
291
322
415
931
180
710
548
347
923
855
805
92
835
813
1047
142
372
346
785
325
720
337
564
558
530
833
885
731
187
1005
178
44
355
779
988
79
590
877
352
806
698
707
213
260
37
622
234
220
678
9
689
248
605
607
8
649
0
33
38
254
219
637
655
43
26
927
391
422
118
585
761
440
51
906
514
119
127
486
388
382
954
63
409
317
106
123
476
167
540
358
420
915
174
902
827
300
1023
542
82
887
145
578
503
416
314
778
524
467
122
339
185
596
144
192
336
316
962
403
129
864
807
797
851
559
818
65
313
593
188
896
370
746
309
1008
789
367
870
197
533
159
369
1033
288
817
334
556
1040
134
753
374
587
869
971
90
787
949
569
598
1002
745
782
554
464
351
599
970
77
485
730
386
984
911
298
320
450
712
52
940
495
741
959
963
311
780
706
1000
791
716
916
555
528
128
947
488
68
941
547
301
69
459
431
165
811
116
844
433
413
474
714
803
740
329
350
727
868
1042
760
418
59
361
550
788
141
756
108
951
410
66
344
897
1013
565
942
126
402
863
522
392
875
926
895
979
101
568
497
735
472
738
482
774
94
465
375
104
399
795
365
793
859
538
973
173
449
986
825
184
572
571
295
364
493
854
775
1019
378
834
537
1046
373
924
802
543
953
786
48
964
340
155
1022
553
164
809
111
726
171
53
748
435
592
755
567
58
489
120
384
442
586
792
506
914
461
800
161
175
394
492
460
1003
484
836
100
80
861
718
978
387
739
491
883
810
1006
977
804
379
328
426
443
737
579
109
821
170
552
75
879
715
525
850
913
335
935
891
704
438
993
130
1039
974
480
341
191
560
589
933
783
437
880
88
520
376
494
162
1038
736
1032
193
89
722
338
881
732
496
160
939
757
721
412
546
584
125
539
576
105
62
411
293
139
47
181
98
1027
511
190
323
163
414
518
45
297
499
468
972
1048
137
536
121
766
801
395
182
481
441
574
423
527
905
390
903
324
982
713
794
588
342
417
471
570
888
131
824
333
99
332
151
67
516
169
856
950
463
150
154
932
734
421
427
500
920
532
889
938
510
829
699
557
462
1050
878
1014
872
135
581
439
769
566
830
479
71
466
852
723
563
504
385
960
767
860
83
765
446
790
999
841
303
447
78
432
477
429
583
904
708
46
95
1037
1020
321
455
711
702
521
531
772
848
594
981
828
404
776
149
345
758
1015
152
457
189
541
400
357
759
729
866
948
445
768
454
397
444
832
179
917
401
994
822
534
980
777
591
405
886
562
922
744
839
1035
305
97
396
381
910
968
952
561
918
717
1009
451
517
1018
961
945
884
799
1049
147
1024
57
501
1034
873
132
458
469
998
842
580
292
72
1012
198
356
549
1001
900
360
143
81
965
1029
773
389
747
1004
826
749
456
595
928
304
146
545
513
857
331
871
1031
434
148
754
368
168
124
419
843
96
306
742
61
362
849
55
199
874
183
1043
1016
1007
899
315
966
943
508
701
837
575
894
529
50
425
724
925
937
893
987
308
750
140
406
470
975
448
452
812
299
56
853
302
408
85
102
294
371
831
890
1036
330
478
876
76
1010
115
296
956
838
907
990
523
363
289
509
577
1026
487
1011
430
1025
383
983
87
544
997
194
762
354
490
377
84
882
1028
107
359
898
138
892
912
958
424
103
743
573
319
1030
166
117
153
858
498
172
70
934
847
73
921
535
784
597
770
398
519
771
820
176
989
846
512
996
582
312
1041
867
703
1044
719
814
751
1021
348
995
909
353
54
515
158
428
195
946
475
808
200
243
10
23
31
34
672
615
665
620
11
216
600
692
214
286
262
265
631
677
625
201
659
280
13
209
5
626
680
18
617
272
645
212
20
258
673
261
650
674
602
244
222
233
284
653
207
242
687
682
267
628
269
241
21
12
237
612
640
641
629
247
636
39
32
657
646
632
228
236
225
281
204
238
14
695
273
245
287
691
630
647
22
662
218
643
29
30
2
17
249
282
7
627
221
264
27
257
656
603
6
35
285
232
274
652
1
251
278
252
203
28
634
644
686
668
227
679
271
651
648
16
270
635
19
239
663
41
690
263
604
240
676
614
223
208
669
230
255
24
658
253
618
697
671
3
215
224
231
266
624
211
283
638
276
42
611
246
606
688
250
667
664
660
694
696
268
685
4
25
277
235
226
36
256
613
15
210
661
229
693
206
202
639
616
654
681
279
642
601
205
670
623
683
621
609
684
