395
898
368
493
50
761
717
942
308
905
168
996
424
830
331
134
307
85
563
948
842
490
533
731
350
756
846
572
937
701
510
522
736
772
797
288
640
659
221
625
238
265
689
630
219
666
457
356
472
743
947
488
946
588
787
762
90
952
452
812
776
590
449
540
509
878
293
421
571
826
565
389
953
188
464
475
366
933
1037
914
861
742
748
47
328
390
582
1041
888
504
126
925
525
553
1006
853
758
1020
1019
1014
901
1036
798
843
404
1026
1047
587
459
143
57
397
318
353
518
495
514
755
80
766
517
478
910
811
483
482
524
92
282
228
7
670
200
273
223
696
607
30
244
638
690
617
203
286
263
267
248
206
641
278
693
169
383
470
804
585
880
359
703
95
135
979
358
97
180
311
894
912
991
151
401
130
567
920
1039
486
554
792
51
548
911
64
899
160
737
166
375
75
107
94
68
386
589
870
84
829
994
597
310
591
786
576
69
704
566
796
431
838
945
500
957
445
178
718
752
417
461
179
409
439
814
499
760
487
373
928
367
147
420
198
442
1015
1023
781
454
133
334
460
856
532
839
365
970
48
298
818
333
875
573
863
1016
425
519
561
117
708
55
290
467
978
455
432
895
104
529
586
148
909
719
541
191
537
584
575
744
771
466
507
116
119
161
531
596
1009
721
902
476
177
930
594
564
536
795
848
102
791
1043
783
936
137
969
835
1021
61
165
700
833
49
712
362
951
441
108
965
941
938
354
418
163
857
539
918
348
440
192
896
416
46
433
966
841
196
882
162
410
414
343
412
530
765
808
167
778
924
784
322
60
935
125
497
197
867
973
384
542
980
140
803
114
1000
382
398
300
98
122
883
770
885
378
72
893
423
723
520
1024
291
982
864
480
492
557
74
599
820
152
959
508
491
790
396
747
1010
799
99
993
82
574
190
381
556
438
456
749
149
807
832
512
729
884
501
1012
474
485
182
962
403
184
865
806
1050
794
88
581
738
964
352
558
740
494
706
745
800
1040
782
312
921
187
321
874
54
579
1001
83
319
593
186
1029
711
77
887
780
62
45
821
407
860
578
974
741
927
976
443
592
138
734
897
956
1027
320
380
955
171
479
357
325
805
52
53
426
699
388
834
515
71
76
854
527
595
929
961
422
777
793
802
555
447
855
753
949
987
876
157
915
900
498
844
463
779
429
170
304
713
559
131
344
385
111
415
877
917
881
103
78
306
698
56
100
481
852
316
813
988
944
342
44
189
984
825
923
302
183
862
132
121
450
164
985
297
989
1013
145
716
154
943
732
858
58
1031
931
324
569
1048
1049
750
129
889
1033
972
551
774
345
400
435
294
453
73
727
511
963
714
1017
336
733
317
314
999
789
67
549
922
393
339
159
981
341
1007
303
763
371
722
707
360
513
405
583
376
997
528
451
86
1034
146
377
785
292
66
448
175
313
547
913
873
185
891
845
124
446
907
934
89
950
411
890
1030
967
817
705
751
392
156
120
836
544
330
730
1038
1008
837
323
141
1018
335
919
960
301
123
128
577
444
868
1022
534
523
1011
112
109
810
193
176
158
299
831
939
363
869
715
570
768
174
724
115
105
535
809
872
332
326
710
337
347
892
329
546
338
983
775
503
1046
859
113
926
827
399
465
840
506
866
315
436
1003
462
351
468
496
725
477
847
471
142
327
904
361
709
968
70
155
823
735
819
413
101
903
93
340
971
851
702
526
815
958
144
552
1002
746
720
543
871
346
505
1028
91
879
430
355
289
995
110
908
484
181
194
1025
916
372
516
759
106
139
153
427
521
489
349
87
764
562
81
1044
394
998
828
379
419
434
63
473
1042
824
849
469
127
940
79
458
364
136
402
150
822
374
801
195
369
437
598
990
1035
295
1045
296
199
906
305
816
739
568
65
757
172
387
59
309
788
580
538
428
954
886
560
754
773
1032
550
977
370
173
96
769
726
408
932
992
767
728
986
1005
545
118
502
1004
391
975
406
850
627
619
680
20
214
620
280
691
241
279
654
225
4
2
5
658
264
634
246
283
287
644
207
220
233
662
260
217
685
600
611
657
11
236
10
610
259
1
671
231
632
224
234
239
665
661
613
648
14
208
697
255
650
677
3
682
240
268
271
676
635
683
277
16
646
8
215
628
601
647
43
257
605
688
209
608
252
639
269
210
262
6
651
674
673
636
216
37
35
679
26
229
249
609
218
618
39
678
653
254
242
672
38
9
612
668
230
247
31
687
667
19
32
40
695
606
222
261
42
275
684
643
227
201
629
675
226
664
266
626
614
202
17
660
281
694
205
245
212
663
204
681
232
41
253
631
15
274
603
656
622
27
243
237
270
602
604
33
285
28
276
258
637
642
652
12
213
624
34
692
251
616
0
669
18
250
25
21
29
649
23
235
284
22
686
621
24
633
272
256
623
615
645
13
211
655
36
