1019
775
368
323
301
751
746
424
137
926
151
761
979
790
471
70
498
481
738
1038
388
872
981
86
1011
314
56
491
727
133
518
118
482
852
122
798
232
3
219
32
13
31
247
221
223
230
130
975
943
962
170
432
309
297
163
335
873
84
107
990
1015
581
575
885
46
822
318
539
552
131
1047
741
513
905
737
375
64
909
818
845
910
942
102
496
358
848
961
148
350
57
339
411
538
451
930
389
758
61
419
1027
492
1035
712
438
292
495
947
722
797
871
92
840
466
529
917
756
150
771
965
343
377
986
476
325
195
939
730
386
606
635
651
211
696
234
694
34
284
8
666
649
631
278
24
237
249
18
208
637
673
675
25
778
124
106
776
51
955
178
876
782
541
452
393
772
329
807
437
117
915
156
113
427
484
968
474
1046
874
1017
799
989
174
701
298
465
149
532
1000
396
1006
1028
371
597
305
786
138
590
478
525
93
977
501
105
80
551
308
391
522
895
114
928
468
123
464
97
187
88
705
336
319
409
762
193
413
893
903
548
717
302
810
530
699
448
743
547
920
752
923
360
1031
422
1012
338
750
545
384
383
595
378
72
347
817
425
766
806
461
514
503
537
441
584
502
919
171
1001
417
499
897
447
933
196
433
1022
589
978
911
55
65
521
763
342
795
801
159
944
837
578
557
327
381
886
765
89
821
299
317
593
75
362
735
449
344
561
487
1020
892
143
704
777
982
550
570
984
390
706
1016
904
175
370
162
757
967
736
490
732
838
774
900
734
91
760
832
418
523
385
1025
788
352
420
76
858
85
959
936
99
316
808
884
152
996
566
998
112
168
355
470
479
398
293
744
48
524
868
879
997
330
462
493
480
110
169
869
519
189
504
128
554
346
73
488
596
164
363
526
888
883
716
587
854
1044
556
307
483
844
543
866
54
506
747
320
948
918
403
820
369
964
865
44
739
534
332
311
182
446
509
794
787
1005
805
707
827
828
1042
913
851
198
956
459
819
863
144
288
929
563
599
784
67
796
881
421
129
1010
104
328
166
497
980
1021
768
574
860
359
969
157
68
935
914
789
591
826
973
172
577
321
192
823
850
191
155
830
592
364
179
489
703
108
125
120
456
444
749
78
952
1008
95
748
405
160
454
993
714
849
940
527
300
853
700
475
345
847
53
429
582
862
397
710
1041
733
520
841
136
988
1032
702
536
147
558
190
430
951
399
726
154
74
800
878
140
831
812
394
440
1033
52
938
423
158
1037
846
103
469
769
408
142
510
132
579
859
713
585
1026
439
180
512
745
434
167
565
864
165
111
843
802
407
708
1029
101
82
553
517
867
946
374
562
83
372
836
953
161
994
185
126
724
505
415
333
337
331
931
546
1004
295
1048
428
426
294
313
477
486
829
783
507
816
877
987
725
720
759
100
49
511
146
966
555
567
698
414
972
809
373
767
773
1049
1013
921
289
516
1024
141
353
66
50
598
387
891
361
755
473
999
586
365
958
404
455
485
792
186
291
1023
356
460
402
59
69
310
811
937
954
395
976
1014
379
306
764
896
334
431
945
349
742
467
463
902
991
941
494
115
894
916
58
898
870
199
882
564
754
960
153
709
348
382
121
922
803
176
780
134
139
906
304
445
573
770
791
303
890
729
963
508
540
889
392
912
81
925
721
932
340
436
576
435
1045
127
315
983
188
568
569
571
416
971
1030
109
785
1050
145
341
406
177
533
833
87
1009
934
194
753
1040
855
995
880
970
793
60
401
1003
528
927
1018
367
354
588
62
197
842
63
173
1034
740
542
559
814
457
835
560
376
535
1007
79
116
899
410
1043
813
583
184
1002
443
572
450
135
887
908
950
351
594
1036
924
98
71
974
181
992
711
296
1039
531
96
839
326
718
715
47
549
824
412
907
985
312
322
515
45
94
857
723
875
442
834
380
500
400
90
719
804
458
77
901
580
290
119
781
728
856
949
957
453
366
544
324
861
731
472
357
779
183
825
815
671
258
239
279
695
656
29
229
653
272
648
10
645
42
647
685
684
652
201
640
261
636
39
281
669
641
273
683
665
30
620
692
629
632
215
214
270
264
672
668
608
262
638
679
248
622
633
650
218
275
227
613
689
662
43
250
693
686
252
216
269
226
655
674
267
255
26
20
607
609
254
40
604
36
697
202
253
681
658
235
260
222
240
612
11
12
21
206
231
664
677
282
0
624
259
657
659
603
670
627
17
626
233
611
663
238
210
242
241
9
667
621
274
204
676
280
687
5
661
15
6
220
285
33
217
601
610
14
602
618
16
634
35
256
236
614
2
642
643
244
243
212
678
22
660
209
38
623
257
1
224
628
615
225
19
213
205
4
286
616
688
246
207
263
682
7
654
287
625
245
277
619
630
41
266
617
605
646
276
639
283
271
200
690
203
251
268
644
600
265
680
228
37
27
23
28
691
