704
934
1006
462
461
574
444
1011
433
1040
319
476
765
758
1031
115
1025
793
547
309
701
994
1047
61
957
400
926
150
134
62
707
599
347
944
770
312
38
4
266
200
658
281
251
232
217
652
872
322
122
941
563
360
58
581
55
161
827
948
315
716
959
892
143
111
923
1009
73
431
501
814
427
333
291
990
861
188
390
88
116
338
430
953
900
505
288
812
318
298
506
564
1010
831
423
59
314
56
304
353
585
500
874
969
133
847
398
454
995
849
555
490
975
539
761
1024
789
781
735
349
472
1022
469
747
802
120
154
289
176
748
621
222
211
681
278
616
17
11
644
260
661
30
226
224
230
276
201
231
16
690
654
626
249
70
588
1039
739
921
305
880
978
513
175
509
787
945
354
441
514
308
292
709
970
159
83
508
477
843
421
722
956
169
106
912
742
132
965
503
458
971
171
365
86
943
145
780
819
177
163
980
1014
583
859
156
928
436
881
717
68
862
425
96
829
597
864
884
140
939
196
420
1021
131
808
343
355
726
752
535
532
554
568
381
557
337
1000
409
334
185
987
968
573
412
299
915
718
999
332
416
700
846
170
181
929
579
894
72
838
551
358
593
173
715
777
826
911
445
922
87
90
1019
785
507
481
451
297
933
166
442
998
81
925
533
897
1032
811
432
147
575
541
917
552
853
888
486
98
438
491
560
92
97
1043
93
172
52
559
112
587
396
576
962
466
136
867
164
69
783
848
1050
741
578
382
344
800
78
1020
302
496
824
48
137
457
527
902
840
174
974
540
757
480
954
493
64
534
368
57
194
484
529
517
983
754
113
977
515
162
820
419
991
82
460
738
389
483
394
148
401
1007
799
450
996
592
582
586
981
439
459
369
44
883
895
947
455
856
784
479
399
351
49
806
516
356
898
193
397
767
418
100
842
810
889
1016
303
395
985
797
525
426
795
474
53
834
191
714
85
190
429
521
966
885
123
127
857
524
702
774
370
904
108
931
949
464
485
719
720
1005
361
522
703
141
1027
443
791
538
1001
45
863
927
470
502
584
130
775
982
80
189
79
119
104
66
545
589
149
805
195
566
796
128
335
406
772
296
165
178
1015
101
936
828
835
428
371
779
435
387
385
792
807
727
352
184
870
967
328
452
422
543
736
300
854
886
992
144
816
753
51
293
468
890
392
942
712
1018
453
473
324
803
960
782
940
594
153
408
879
946
138
973
1033
699
1042
378
183
384
984
404
979
167
488
523
773
437
362
512
310
544
494
875
520
591
151
809
526
350
198
711
510
74
492
1008
118
832
60
909
763
590
440
839
542
307
950
414
186
339
558
887
530
403
577
499
997
142
769
913
103
465
745
729
1026
511
955
961
105
76
475
135
869
833
67
187
906
916
1028
778
721
63
377
415
325
732
1041
549
125
306
379
313
1002
891
402
710
1003
366
47
46
844
866
1004
471
317
873
708
50
988
497
908
596
725
930
822
449
77
410
417
771
728
750
495
168
570
756
95
553
424
489
294
323
882
331
121
405
749
744
760
924
868
295
734
357
850
321
386
407
155
1029
320
893
751
380
786
290
340
84
899
531
75
550
764
730
759
818
937
837
1023
746
327
986
914
114
546
537
788
498
129
989
1044
1013
571
713
825
905
815
1049
776
363
528
180
388
99
54
345
463
548
766
794
1035
817
737
958
1017
920
199
336
1046
871
556
124
860
705
152
341
359
146
976
139
94
373
182
326
1012
504
901
1045
731
569
821
851
179
841
160
110
580
877
768
89
316
918
518
878
567
158
855
391
478
413
1037
482
919
311
71
374
456
434
487
393
197
836
411
733
823
1034
907
107
1048
467
383
65
301
562
852
346
126
447
102
858
801
91
935
790
348
698
952
446
938
109
951
595
755
740
536
813
1036
876
375
561
706
372
376
367
993
830
896
865
798
117
804
932
448
598
963
845
910
972
364
192
762
723
342
565
1030
329
1038
724
519
330
903
157
964
572
743
684
244
689
694
256
238
672
237
284
685
32
673
252
219
10
632
691
28
620
43
218
695
686
649
683
647
26
648
650
8
642
262
227
24
203
618
678
643
282
212
264
664
235
205
263
270
250
602
36
243
272
674
213
634
215
7
688
239
637
622
612
666
257
27
242
682
659
40
33
628
279
610
687
693
0
653
23
34
13
20
240
234
202
607
604
269
668
3
220
286
603
271
267
229
660
675
635
657
228
287
37
25
615
15
247
601
223
627
670
245
209
42
662
669
273
9
636
617
14
5
214
216
605
225
204
255
29
285
280
631
258
645
275
236
241
207
614
277
1
248
651
233
206
35
18
679
624
639
663
680
671
646
22
274
268
625
608
623
696
697
600
41
619
606
633
12
676
253
611
677
638
39
613
259
656
19
221
2
254
630
265
6
246
21
210
208
655
640
609
261
641
667
31
692
629
665
283
