131
79
366
294
427
460
71
576
951
318
165
162
435
517
848
713
573
973
382
403
730
112
940
423
186
72
949
383
588
1029
1014
394
932
63
849
931
603
659
668
36
206
621
692
693
41
252
461
1040
510
1034
147
879
954
836
754
1041
58
180
307
351
1003
148
701
145
190
945
415
1046
44
867
767
105
134
784
428
154
334
49
959
967
433
522
1001
864
744
761
963
384
874
417
196
833
339
369
592
846
432
494
810
166
500
593
70
595
580
55
987
906
135
184
198
878
885
528
448
562
854
985
109
101
745
982
738
587
933
322
750
87
6
619
233
665
286
239
207
669
697
655
22
277
604
667
11
602
688
284
219
611
42
641
14
581
1026
549
564
92
777
808
820
781
364
746
891
356
540
335
1047
541
727
909
332
480
1038
803
1050
97
93
594
488
975
542
292
501
966
124
863
377
349
447
451
1032
311
755
827
121
413
598
1007
485
102
590
391
881
336
811
560
543
111
67
851
752
830
1027
832
702
525
850
890
314
386
732
333
930
887
868
1028
150
768
446
936
729
309
343
766
720
119
795
80
809
962
399
123
857
440
840
842
126
512
974
51
783
804
824
379
753
997
363
321
159
535
801
731
56
599
876
129
438
844
481
961
86
758
782
764
348
304
908
473
958
54
953
103
847
519
907
114
760
130
164
353
944
371
418
324
556
113
161
61
774
476
571
700
741
513
703
1008
534
392
390
297
176
520
301
762
486
303
1025
361
942
903
108
893
456
60
839
171
436
1030
492
838
871
577
709
290
902
195
853
1031
155
539
1033
905
904
1013
914
898
901
293
529
381
569
91
554
439
888
89
787
497
503
416
873
802
747
1024
880
302
837
482
736
138
453
927
350
920
721
530
389
555
819
1044
122
597
977
698
1016
995
94
806
965
368
464
474
708
829
462
95
869
939
596
359
872
722
980
740
387
947
790
972
491
1045
834
546
421
76
411
424
132
68
948
852
449
733
412
743
347
798
185
118
585
116
393
896
899
584
843
174
47
199
455
955
175
329
405
189
144
315
826
765
900
952
981
328
167
1039
298
170
923
915
950
526
493
565
979
883
380
916
441
998
586
128
707
734
483
139
771
376
531
69
59
748
712
751
507
117
96
344
943
1004
397
537
763
699
74
133
320
910
937
77
169
158
814
352
106
788
772
797
821
1005
1000
457
1002
807
64
140
426
717
991
434
791
187
1011
408
401
794
739
817
312
533
409
468
941
463
770
509
337
913
62
127
181
120
346
978
719
523
1010
115
374
989
818
971
538
785
319
57
559
532
1043
704
490
425
98
407
508
860
583
489
886
306
308
499
355
779
396
999
992
812
326
152
714
552
1049
706
988
756
445
563
475
470
575
506
385
861
773
452
325
136
378
723
800
156
969
724
188
775
823
718
458
579
813
934
160
924
107
305
799
469
990
365
968
444
793
110
557
78
466
52
183
192
288
289
737
431
516
816
895
1015
1021
191
149
792
375
960
323
865
1006
406
313
911
970
177
726
82
825
572
815
918
367
925
465
342
1012
831
570
125
716
100
1037
589
179
511
735
358
558
742
73
75
373
168
182
327
796
104
472
935
984
291
870
88
1017
524
928
53
477
442
362
946
561
566
1009
99
521
143
715
994
884
341
338
151
862
894
514
897
153
410
84
789
926
467
85
479
759
419
545
495
502
547
919
81
345
778
1036
420
912
822
454
976
1042
487
957
1019
395
429
983
1035
193
551
780
400
728
921
50
404
776
83
548
402
929
310
45
142
388
828
317
550
757
769
582
331
553
48
527
1018
414
354
398
536
578
710
877
591
172
567
146
855
178
504
300
340
505
515
711
856
46
996
137
845
443
518
430
163
459
450
194
173
705
866
725
882
986
484
299
141
858
498
917
749
1048
65
993
544
1022
295
922
330
296
372
889
938
568
316
835
197
496
90
370
478
892
1020
956
875
66
360
786
1023
471
422
574
157
357
964
437
841
805
859
601
35
273
654
38
271
208
216
242
248
25
281
657
645
15
677
268
607
646
681
31
624
16
605
223
254
221
282
658
236
620
694
283
210
13
627
272
687
678
5
26
695
259
229
237
261
672
631
265
637
616
287
680
679
19
696
244
34
28
685
246
260
634
256
220
266
279
240
9
204
23
682
673
241
623
686
280
638
243
640
609
643
228
675
276
690
215
33
639
683
32
230
249
270
224
663
642
625
664
274
43
610
24
285
264
656
626
39
212
684
263
253
650
600
628
20
635
644
251
670
622
232
222
235
21
250
203
262
629
218
214
275
238
269
231
633
258
7
617
676
1
648
632
649
8
17
674
205
4
612
245
257
614
217
653
2
225
27
630
618
671
10
29
213
666
234
652
37
613
615
651
662
636
18
211
200
0
30
255
660
209
691
12
689
608
661
247
278
40
227
267
201
647
3
202
606
226
