810
124
835
820
993
80
1019
569
332
291
802
112
416
132
301
60
130
139
347
843
886
796
1015
424
575
134
339
92
310
749
338
154
861
516
845
899
36
40
269
633
280
638
2
615
226
692
863
857
588
816
427
565
981
313
447
403
975
553
1016
580
871
430
591
504
793
326
774
353
401
797
317
491
528
431
813
900
1032
79
56
1012
877
557
445
563
414
992
895
833
772
128
1047
382
707
786
513
739
866
94
65
315
413
502
492
72
400
341
1009
885
375
754
1036
906
864
781
921
949
954
510
598
384
475
175
905
1021
942
590
446
88
0
204
676
609
603
34
665
634
220
623
39
30
209
662
26
648
646
683
271
668
658
259
221
289
1003
389
929
98
582
933
182
320
699
785
773
428
917
319
856
378
122
756
826
172
345
87
174
420
545
964
579
307
61
45
1020
334
82
312
102
919
570
408
500
152
63
584
399
125
787
186
348
700
723
791
55
702
520
58
495
809
898
789
562
1028
193
926
910
329
858
1011
775
1008
522
936
96
1006
595
357
922
836
322
461
157
731
371
133
1037
805
1049
930
891
566
115
469
798
432
532
983
558
546
515
550
597
725
189
368
1044
126
879
713
135
1013
911
901
561
753
505
701
932
1042
488
934
706
537
192
404
764
173
1010
440
452
961
397
373
743
948
985
599
351
462
503
875
844
86
953
958
370
407
183
752
496
996
559
379
799
937
935
103
738
59
390
860
727
337
940
795
882
372
870
596
534
740
1023
823
732
751
294
976
330
757
971
746
144
918
350
81
110
333
698
451
783
76
335
842
560
818
867
724
466
931
331
145
434
507
779
526
108
946
730
455
106
979
196
903
989
297
726
93
342
737
138
148
439
392
158
719
1050
101
519
896
720
544
831
163
744
358
771
147
155
790
967
848
972
381
1017
829
485
759
402
718
593
50
464
950
411
169
53
394
894
581
803
714
869
1002
1000
181
83
435
448
872
146
766
119
425
556
512
367
576
136
852
711
801
1030
840
365
568
100
176
360
46
762
1029
1045
71
1004
377
395
704
52
194
536
316
1018
303
892
355
483
1034
415
710
847
944
908
380
1022
888
482
376
44
302
778
105
328
914
471
855
794
514
90
107
873
159
190
472
571
493
143
817
460
881
129
463
859
459
592
409
1031
729
811
418
450
525
123
97
127
990
770
393
117
808
788
839
1007
185
113
140
572
755
865
295
288
77
156
705
999
95
398
784
735
304
387
849
853
142
986
161
49
980
69
311
825
827
199
362
177
574
924
912
296
960
716
467
969
490
443
1027
1041
374
318
149
423
734
436
909
118
742
841
978
982
166
84
449
548
48
703
489
364
712
75
956
747
549
541
477
832
552
104
170
830
109
421
386
984
481
1035
539
750
299
945
89
851
862
308
880
745
412
356
480
815
995
792
543
419
812
806
306
1024
564
973
846
73
991
114
290
854
761
928
509
583
567
476
78
970
188
121
314
178
884
366
518
876
391
151
907
951
769
531
1001
965
468
717
1043
498
494
484
897
324
99
925
1014
359
354
819
305
923
578
473
868
966
361
457
538
721
758
67
111
1026
959
920
444
141
349
470
542
927
465
179
383
883
594
837
547
137
554
943
54
709
454
293
47
300
165
57
947
388
184
1039
708
777
442
410
1048
298
763
957
116
768
453
722
589
325
955
343
164
974
530
474
486
535
68
529
715
85
497
939
352
162
340
396
167
70
941
292
807
499
952
915
441
874
828
736
748
456
822
517
64
91
1046
824
323
938
508
573
506
586
902
838
1038
363
741
197
1040
994
66
120
417
369
433
309
893
171
998
988
458
760
765
346
780
850
195
733
804
728
160
406
524
767
878
191
540
479
385
180
198
782
321
438
511
987
889
834
821
487
153
997
327
422
814
150
478
800
916
904
437
168
426
551
577
521
977
501
555
587
62
533
527
585
131
429
887
74
968
344
890
1025
962
336
1033
187
913
963
523
776
1005
51
405
688
28
686
240
283
606
22
19
250
659
660
200
252
256
279
247
607
624
258
620
42
8
696
614
13
664
689
207
6
276
681
625
270
253
17
691
636
641
621
656
235
201
262
617
652
629
655
284
651
281
206
645
35
608
234
3
663
601
238
285
9
677
267
661
15
208
667
286
669
672
657
604
627
679
210
4
216
245
213
682
27
268
249
673
24
7
233
254
671
263
282
695
613
266
202
642
11
675
29
278
626
228
287
622
640
224
10
248
666
654
632
18
211
21
273
265
690
212
650
257
260
231
225
649
38
611
230
246
243
215
605
23
600
602
32
237
5
251
33
232
219
1
264
241
261
227
222
693
612
43
275
678
639
203
694
244
12
680
647
684
630
674
610
255
687
25
637
217
236
41
619
628
229
205
643
239
214
223
618
616
274
14
272
670
644
16
653
277
37
631
218
20
242
697
31
685
635
