117
180
547
449
962
304
937
492
426
983
701
864
303
138
933
948
486
127
735
540
130
422
1027
413
530
771
515
730
484
852
497
541
562
736
954
753
600
39
254
287
651
690
7
275
629
286
59
849
889
836
909
866
129
107
488
95
501
837
1017
366
62
733
723
448
855
302
1022
812
158
482
183
595
291
589
867
408
843
190
177
68
440
807
766
1009
313
819
986
161
930
543
457
791
894
49
922
150
509
726
429
561
722
975
373
54
381
592
192
718
327
1008
542
887
474
902
168
775
1044
76
292
1030
52
712
300
1032
957
809
476
846
285
691
619
2
281
223
9
29
227
233
229
623
271
645
36
269
612
203
228
26
686
630
637
793
380
463
334
120
53
480
181
963
74
1040
710
588
156
721
485
83
813
394
461
932
1038
1021
438
46
1006
860
820
546
297
919
875
1007
770
519
724
382
85
786
160
445
122
884
410
755
740
194
790
900
508
708
990
828
81
895
44
845
904
99
536
731
70
393
399
106
454
498
314
339
432
311
785
970
858
409
816
56
306
493
992
573
494
418
996
71
506
453
993
524
804
912
1033
347
343
77
309
333
121
67
360
1050
1049
102
146
877
798
883
784
556
369
521
1034
553
901
165
789
564
587
462
301
403
924
55
706
364
504
818
856
969
554
460
898
821
97
984
699
851
841
424
982
879
196
318
872
481
307
725
358
458
423
166
189
58
783
994
362
959
878
527
113
69
459
802
443
833
118
801
182
75
419
170
778
405
512
61
341
63
827
371
310
955
834
522
324
518
768
90
705
80
290
317
715
989
583
757
751
576
420
417
744
73
533
896
779
824
289
732
328
148
1024
830
943
548
444
436
769
979
345
320
1005
754
499
1039
765
750
295
79
414
958
734
528
119
596
847
502
335
1004
525
594
115
758
57
332
1046
806
510
89
569
796
154
378
51
882
795
325
446
719
823
520
355
98
174
490
572
412
465
752
897
800
425
861
439
326
575
47
920
759
814
66
727
702
953
544
914
549
143
748
195
529
167
487
402
738
743
478
590
134
354
839
842
489
348
940
923
899
397
470
126
176
913
1047
567
329
865
582
597
179
905
114
971
1011
888
396
452
749
316
387
473
763
886
469
112
772
514
973
1012
998
574
48
980
717
805
312
447
817
336
936
437
1041
100
999
709
507
386
451
185
133
563
125
375
372
815
1025
761
299
450
1003
116
991
977
108
539
1013
370
172
799
911
442
323
466
892
532
111
862
131
101
747
859
338
916
361
777
491
591
294
534
142
385
136
124
537
538
1028
559
985
762
703
72
571
342
152
938
1042
140
141
780
925
568
407
947
296
890
374
551
972
400
729
869
803
479
352
893
593
934
392
707
415
782
917
599
351
511
831
475
907
840
379
781
978
65
873
949
169
356
737
1043
714
566
388
496
337
788
1023
961
555
123
853
50
472
104
745
427
391
495
477
435
713
421
132
517
776
1000
367
128
398
742
441
163
184
344
315
850
153
467
552
885
92
598
193
981
746
698
322
903
359
906
91
711
921
929
503
545
321
1048
756
395
935
346
455
910
808
434
162
428
105
987
1018
93
941
944
298
939
857
157
584
103
401
365
848
186
155
826
471
411
199
173
135
995
579
505
139
965
716
974
1016
513
198
968
340
159
950
319
406
741
464
915
1010
1019
811
774
863
728
964
368
145
288
535
844
767
956
1020
109
1045
794
931
1014
516
330
1035
565
1001
570
926
151
951
175
870
810
164
942
45
997
918
531
456
188
376
84
927
305
976
78
110
946
881
557
353
523
1015
468
945
578
558
64
876
550
383
739
586
1037
908
773
832
797
94
880
149
526
430
835
147
792
928
960
829
838
96
581
357
967
137
87
171
331
404
585
1002
891
433
349
704
560
197
868
952
822
384
483
431
293
1029
720
988
700
144
760
787
1026
363
178
60
1036
416
390
350
966
308
854
577
389
874
1031
500
187
377
825
86
871
764
88
191
82
580
617
211
284
262
4
282
610
611
207
635
215
688
639
662
201
633
268
17
252
38
638
650
674
15
253
31
276
222
246
6
696
261
14
605
663
245
653
655
235
206
43
242
218
219
267
236
628
263
278
640
11
679
34
648
620
12
248
642
652
676
226
671
224
244
30
37
601
280
250
636
204
19
8
279
237
32
234
241
27
272
608
624
675
251
277
5
695
20
658
265
680
685
649
604
694
647
210
646
677
22
10
631
25
230
670
606
238
225
643
205
689
661
13
627
33
672
260
42
622
239
202
232
209
216
683
664
668
654
247
270
23
256
603
616
665
697
41
258
21
641
3
283
660
693
692
657
626
221
632
249
213
273
602
259
666
681
214
678
607
1
625
673
18
16
40
240
264
274
243
656
614
28
667
217
687
644
615
220
231
200
35
659
682
621
257
0
684
212
208
266
255
669
613
618
609
634
24
