85
982
1034
955
752
912
347
813
526
55
570
1008
180
552
174
781
738
1040
907
62
51
173
805
527
771
319
775
586
821
702
351
1009
395
782
356
342
280
42
243
697
665
690
693
681
203
217
374
913
824
306
946
718
743
512
1010
997
563
895
124
364
74
451
885
315
116
706
965
1050
511
876
901
892
197
1017
515
711
475
567
494
572
488
726
794
337
858
501
52
528
547
83
468
310
391
559
181
120
719
942
357
803
178
91
831
827
1018
999
156
194
492
101
360
314
497
953
151
790
72
380
835
530
554
445
708
928
815
839
464
110
240
608
605
250
215
8
206
201
281
246
642
612
32
662
677
4
21
601
248
636
623
229
40
192
113
338
439
725
1039
538
842
767
506
944
496
298
130
322
887
48
761
963
134
126
398
102
1016
759
429
175
878
463
931
79
1024
779
592
382
504
926
534
78
890
411
317
489
709
879
852
292
920
853
114
179
861
537
121
518
720
453
483
1042
967
832
393
705
479
440
341
549
368
316
598
950
328
452
825
1032
580
499
98
450
941
397
455
823
448
111
945
855
377
566
947
916
764
864
784
1030
86
748
787
978
53
521
792
830
404
490
394
983
146
802
939
845
190
918
976
358
828
793
172
921
548
449
460
589
327
294
311
959
558
171
991
108
788
523
457
135
291
737
1019
791
700
758
409
324
89
908
308
994
431
1037
159
70
833
340
68
768
929
434
46
307
584
742
145
105
371
560
716
873
974
834
749
437
810
848
735
970
776
400
973
359
410
461
58
562
751
1002
408
862
93
56
1005
290
1003
186
774
729
553
812
989
168
806
362
811
443
786
721
491
447
399
313
67
962
326
590
520
707
529
478
444
1048
355
454
366
165
569
766
167
739
188
153
576
157
582
599
814
581
144
373
899
949
840
166
914
763
579
785
129
866
578
392
421
519
1020
971
330
769
309
138
388
493
800
88
597
90
568
1035
118
467
571
155
925
133
406
727
966
378
1029
585
119
191
176
753
593
730
66
975
1026
128
846
1049
1033
472
161
932
851
891
911
57
573
344
420
979
471
1045
551
288
333
1046
182
405
379
149
430
418
354
71
798
881
84
424
728
583
513
470
143
109
345
367
426
318
185
402
495
741
80
886
591
415
189
312
783
198
296
525
195
948
154
869
981
516
385
841
935
1014
389
542
882
958
923
508
588
125
968
87
587
325
903
481
300
106
964
594
900
69
952
103
904
564
888
419
297
425
539
47
369
710
498
536
353
556
428
199
762
127
100
995
524
801
698
177
868
575
82
872
183
1044
305
376
849
799
339
826
990
980
714
423
459
433
1038
1012
765
148
917
874
54
723
940
919
796
546
435
819
972
60
996
857
304
954
386
92
837
860
713
432
1007
541
773
64
816
531
557
412
407
507
722
417
818
1043
510
387
289
44
422
132
998
770
795
715
1036
937
838
871
822
746
883
906
329
320
303
856
458
486
505
731
96
847
532
77
1015
987
829
75
160
403
897
465
349
147
123
780
49
836
372
804
509
986
441
59
334
985
163
930
466
476
577
480
732
427
859
381
993
777
543
477
365
1031
988
484
321
184
193
299
1022
756
187
370
142
295
141
809
850
1004
596
336
896
807
936
112
1023
844
99
396
117
107
514
302
401
164
331
375
94
383
745
301
73
778
545
870
808
561
416
724
992
1021
744
104
343
390
712
456
517
348
877
350
1000
485
760
699
76
704
413
335
502
915
473
131
544
487
867
482
701
772
438
595
50
293
503
323
934
875
863
500
140
884
1013
169
414
905
956
139
150
162
574
909
927
540
550
65
158
951
462
45
474
115
854
961
522
565
843
960
740
754
446
797
747
361
889
820
1041
81
1006
136
1047
1001
384
469
789
969
865
924
533
922
436
1011
555
1027
196
750
977
63
755
352
97
363
137
894
733
442
893
61
734
122
943
152
817
1025
902
757
95
332
535
170
984
703
1028
717
346
898
736
938
910
880
933
957
14
680
638
39
16
695
282
664
10
231
682
200
29
257
264
35
275
602
267
618
233
643
660
287
17
685
202
641
679
620
686
633
655
696
13
227
675
11
209
220
653
604
247
225
624
28
216
228
277
648
30
672
0
224
19
603
673
237
18
2
652
616
260
676
256
286
687
207
625
626
25
236
632
41
38
631
600
43
214
244
258
31
607
261
276
640
27
629
278
210
650
668
255
654
20
218
263
622
1
37
6
684
659
221
615
621
226
628
245
204
211
249
5
26
691
9
279
266
259
241
262
666
23
36
253
254
610
656
657
265
230
7
619
238
235
646
212
274
669
34
242
223
270
285
694
268
649
670
692
213
614
645
635
630
688
15
671
683
634
272
284
24
205
678
234
667
663
613
208
644
651
674
22
222
283
219
647
33
269
639
12
689
273
637
658
3
239
611
252
251
627
271
617
609
606
661
232
