1136
1199
1157
1061
1193
1186
1138
1063
1023
800
887
900
908
838
802
979
873
831
677
686
651
782
608
762
771
661
719
421
595
432
553
447
508
459
572
592
268
349
392
294
391
369
206
224
397
4
120
193
57
118
95
187
178
191
1004
1137
1078
1112
1148
1084
1194
1005
1134
1069
1129
1037
1187
1170
1149
1041
1031
1097
1067
1073
960
816
861
929
848
943
940
821
871
813
817
927
885
993
876
828
906
907
898
917
704
624
626
649
756
602
635
666
768
603
749
650
613
601
747
798
721
738
716
691
518
434
533
562
406
550
520
543
577
551
509
576
438
487
449
419
506
499
496
579
362
249
200
230
216
384
388
329
364
370
204
275
223
308
209
375
247
321
270
338
134
107
59
119
80
155
71
37
144
164
69
127
115
140
145
135
195
82
123
176
1135
1189
1150
1117
1119
1191
1014
1053
1099
1185
1016
1115
1026
1008
1010
1025
1140
1079
1122
1116
1036
1077
1076
1121
1145
1164
1195
1021
1109
1071
1111
1177
1074
1113
1132
1057
1182
1178
1059
1106
1034
1029
1035
1141
1011
1153
1012
1015
1019
1052
1000
1190
1042
1142
1009
1126
1094
1020
1018
1108
1124
1159
1156
1192
1048
1166
1155
1162
1070
1173
1093
1082
1143
1033
1125
1068
1168
1120
1080
1154
1180
1147
1046
1043
1083
1184
1090
1103
1038
1172
1107
1055
1151
1045
1197
1146
1092
1174
1118
1139
1040
1165
1176
1062
1198
1060
1075
1104
1123
1028
1196
1054
1027
1013
1179
1087
1001
1088
1032
1002
1167
1017
1102
1130
1081
1066
1133
1044
1085
1098
1152
1051
1030
1086
1039
1006
1007
1160
1091
1183
1114
1100
1089
1024
1127
1022
1144
1163
1175
1110
1188
1128
1003
1058
1171
1169
1131
1101
1095
1161
1056
1181
1065
1047
1158
1105
1096
1049
1064
1050
1072
803
826
964
933
953
944
853
894
961
978
976
920
847
890
856
911
811
874
824
833
997
948
875
945
939
868
991
901
925
986
884
801
968
896
881
814
850
965
822
880
903
872
918
866
845
910
859
883
923
899
905
922
999
892
846
836
830
842
931
912
971
972
980
919
886
990
915
897
815
996
902
985
924
865
930
938
957
860
935
921
959
932
970
841
863
951
806
893
995
973
854
864
928
839
862
956
969
950
825
984
843
869
823
812
909
934
805
982
891
820
962
942
937
867
954
974
849
926
958
994
975
916
947
858
879
895
977
992
832
844
888
819
989
870
955
941
967
829
946
952
834
855
804
983
936
827
807
913
988
840
852
949
987
810
808
857
904
835
889
877
818
878
963
981
966
837
998
809
914
882
851
681
698
617
732
676
792
726
633
664
674
697
780
791
717
670
625
736
706
788
799
759
728
612
743
656
789
700
623
702
680
795
619
678
774
647
742
620
648
772
634
611
769
662
669
646
703
667
735
639
729
764
750
672
733
604
781
671
694
797
628
688
643
739
630
696
615
657
710
731
682
715
683
763
746
659
679
730
663
689
638
641
668
754
610
640
757
765
636
748
709
693
755
724
779
720
705
777
684
690
673
695
708
618
653
655
770
605
687
654
665
787
660
723
692
752
627
778
622
722
606
701
645
607
614
783
785
734
786
758
699
793
609
713
775
767
744
621
711
727
740
616
637
652
707
644
751
741
675
685
745
714
725
784
718
658
796
773
737
631
794
753
712
766
761
642
632
760
600
776
629
790
545
596
510
525
457
467
549
548
586
476
511
491
547
400
494
502
416
428
458
535
541
444
522
575
560
526
480
574
418
413
573
409
583
582
517
563
424
561
503
552
478
475
403
507
453
425
426
463
528
524
568
469
493
498
472
481
587
417
412
439
546
440
495
422
404
450
599
557
556
593
505
515
519
559
471
465
415
435
570
454
402
464
411
479
485
407
410
523
529
530
451
456
531
452
489
436
544
578
497
569
542
501
408
423
486
483
554
430
466
443
470
594
588
537
539
527
567
566
514
446
468
492
461
473
405
445
589
580
437
442
532
484
490
512
420
521
482
488
534
555
536
504
474
462
581
455
565
590
516
401
441
429
598
538
564
584
427
460
540
513
591
597
448
431
558
585
414
477
433
571
500
395
325
269
356
238
257
299
281
341
261
222
337
382
220
390
354
293
310
347
203
340
339
244
255
328
288
221
273
389
323
291
266
228
231
207
265
317
380
332
312
345
246
302
309
371
263
358
258
286
218
250
360
277
284
274
282
298
213
285
381
259
232
236
346
394
359
210
235
363
245
361
311
260
243
202
283
315
334
287
398
205
305
399
289
396
353
240
278
365
352
301
379
368
239
376
348
233
241
366
378
336
320
271
297
225
387
264
318
254
276
314
226
322
386
355
212
253
292
215
290
316
201
319
252
304
262
330
350
327
385
307
279
351
306
383
217
357
331
295
251
208
227
248
267
211
335
372
373
300
374
344
242
296
272
280
377
219
256
367
324
303
214
237
326
313
393
342
343
229
333
234
143
55
27
68
157
159
130
78
2
154
85
196
152
35
9
137
73
170
50
132
75
53
13
98
17
28
124
87
189
67
103
79
32
0
10
149
42
60
186
56
171
26
102
64
24
46
18
77
54
163
48
174
169
133
43
34
141
76
92
199
109
110
1
61
160
62
121
179
147
94
11
93
86
21
58
150
81
181
131
166
111
7
116
22
20
148
96
168
74
156
91
97
151
112
45
88
101
16
8
129
100
29
36
136
108
30
180
194
89
139
105
128
167
99
197
66
142
158
190
188
31
39
182
113
44
38
126
173
114
122
175
40
106
146
138
51
90
183
117
192
165
5
6
19
177
63
25
23
104
15
70
184
198
65
162
3
83
47
153
172
72
52
49
161
125
84
12
185
14
41
33
