1118
1125
1180
1083
1028
1029
1151
1087
1093
892
902
975
869
970
871
868
974
914
736
626
722
710
760
773
621
613
752
546
595
485
476
412
433
511
430
465
276
261
339
369
349
263
259
211
380
132
54
110
86
197
64
187
61
125
1113
1126
1109
1134
1127
1076
1072
1091
1129
1117
1146
1078
1176
1123
1052
1044
1024
1137
1124
1002
950
843
889
946
882
984
944
926
841
980
807
995
885
802
968
896
828
958
999
963
675
684
788
748
603
749
686
766
704
622
757
631
728
617
793
711
633
756
687
789
427
484
466
473
493
560
471
539
423
543
536
537
404
439
458
597
449
547
432
472
221
226
309
233
324
357
260
229
274
297
365
268
314
367
219
343
381
201
331
262
158
92
76
29
119
107
84
77
183
99
97
198
167
44
111
147
28
161
3
14
1194
1096
1115
1018
1185
1147
1119
1090
1131
1063
1173
1077
1085
1120
1088
1061
1145
1051
1190
1066
1165
1042
1031
1086
1048
1003
1122
1008
1102
1175
1166
1187
1089
1135
1047
1148
1184
1143
1004
1053
1111
1022
1043
1034
1098
1046
1136
1139
1062
1158
1017
1101
1095
1172
1037
1168
1057
1177
1150
1000
1079
1154
1070
1155
1106
1121
1026
1161
1179
1036
1009
1182
1141
1174
1010
1071
1181
1195
1186
1045
1104
1142
1067
1074
1159
1170
1056
1038
1128
1153
1164
1140
1183
1013
1130
1094
1060
1080
1019
1114
1160
1192
1030
1069
1068
1162
1163
1116
1058
1065
1012
1021
1144
1099
1023
1105
1027
1196
1015
1041
1149
1178
1081
1171
1032
1167
1054
1191
1064
1092
1199
1073
1084
1112
1108
1035
1007
1107
1138
1198
1169
1075
1110
1049
1197
1156
1014
1040
1133
1039
1016
1103
1011
1097
1020
1006
1025
1050
1001
1152
1100
1055
1082
1059
1157
1193
1005
1188
1033
1189
1132
849
826
959
932
812
829
976
879
925
853
847
916
987
870
931
949
827
818
935
822
945
994
908
884
825
800
961
937
846
819
941
982
909
933
905
886
899
820
934
844
904
924
938
874
940
921
839
890
897
824
900
988
942
863
803
864
851
873
854
876
928
801
867
979
920
962
951
808
966
913
887
862
859
981
956
815
943
990
809
850
817
929
991
967
848
912
835
861
907
830
842
856
989
948
813
972
985
888
915
993
923
983
906
953
952
881
891
814
833
806
965
954
878
858
939
857
834
910
911
971
838
837
936
998
977
997
978
973
903
894
895
866
893
901
919
804
877
805
960
831
957
898
917
883
947
955
821
855
860
845
986
964
969
872
880
996
865
918
836
927
930
823
992
852
840
811
875
816
922
832
810
775
619
799
767
647
724
605
729
700
642
669
696
744
671
746
776
735
738
715
678
732
778
790
727
723
739
725
690
786
721
699
615
609
634
740
630
708
750
655
640
604
770
796
777
745
670
614
650
713
680
618
608
785
648
629
719
606
697
769
780
703
681
798
765
751
607
755
666
635
795
665
645
695
644
692
679
743
705
637
733
797
731
661
706
742
632
653
717
646
794
689
685
624
701
659
649
720
772
612
652
639
747
638
791
712
663
667
782
654
600
620
741
768
601
702
759
792
754
636
625
707
779
651
734
657
761
688
726
783
672
616
709
714
774
668
658
623
762
673
763
693
662
656
753
683
627
787
730
698
660
628
781
682
602
694
677
611
691
764
784
716
643
737
771
718
610
758
641
664
676
674
413
563
486
581
524
554
517
454
552
538
489
569
535
579
521
406
520
497
574
468
586
534
584
596
488
435
504
568
527
572
411
589
571
530
419
492
444
516
582
499
559
599
477
532
558
550
503
469
513
467
437
540
525
421
407
551
598
593
510
491
483
405
474
570
446
576
555
507
556
500
416
443
434
460
498
481
459
588
457
494
587
480
451
505
531
594
575
400
408
425
431
566
526
591
533
464
522
450
585
462
567
426
578
410
541
529
561
495
461
441
580
429
496
519
562
417
544
506
564
401
545
438
409
452
549
590
445
512
583
428
440
442
542
455
528
553
487
422
565
523
518
557
482
436
470
402
403
508
501
592
490
548
573
515
478
414
424
479
463
415
577
453
448
502
475
509
456
420
418
514
447
301
302
236
399
387
269
224
284
295
209
216
299
351
347
372
235
352
253
350
283
240
341
307
228
346
205
358
232
384
334
271
202
305
395
320
281
345
327
296
275
312
315
286
245
294
376
266
353
337
338
234
252
355
279
246
375
242
215
316
383
354
304
303
386
288
217
335
289
255
360
398
330
220
378
272
237
391
319
392
379
393
318
328
210
287
290
256
389
254
257
212
250
208
239
329
356
258
280
277
397
310
248
285
247
298
273
251
230
308
207
313
213
366
306
326
373
396
241
244
333
206
340
344
371
382
332
348
203
265
204
317
370
390
264
292
231
278
227
322
200
388
222
282
359
336
368
361
374
218
323
225
267
300
238
377
249
243
311
363
291
293
223
214
325
321
362
394
342
364
385
270
196
13
39
32
79
12
6
178
5
140
62
40
95
114
87
19
180
154
59
179
4
176
71
152
195
25
0
168
69
89
123
191
130
49
166
70
63
160
193
173
143
46
145
74
9
122
58
50
18
8
181
21
7
93
35
72
165
144
104
172
101
184
11
1
52
177
136
65
60
23
138
141
133
102
80
171
139
34
96
135
142
121
146
33
91
85
73
98
188
194
182
88
16
159
127
57
78
151
56
175
30
169
148
27
137
22
153
90
116
47
20
2
41
128
17
189
186
199
157
150
66
120
53
75
15
108
129
43
38
103
192
26
164
113
118
105
100
115
190
36
81
10
131
155
163
117
162
109
37
67
31
94
126
83
51
156
55
42
134
170
149
124
82
174
48
45
185
112
106
24
68
