1076
1065
1108
1004
1182
1062
1185
1193
1160
984
997
988
886
859
882
942
817
999
613
715
713
739
730
648
744
790
700
411
539
557
559
518
555
595
563
459
327
209
308
366
321
381
385
228
241
133
52
186
117
136
25
14
176
98
1043
1126
1092
1074
1091
1003
1094
1100
1093
1018
1011
1032
1030
1145
1067
1149
1178
1001
1063
1097
838
918
823
897
990
949
831
806
837
851
818
811
929
939
825
917
992
821
854
980
798
681
763
726
605
638
731
794
757
684
725
655
750
619
662
721
701
755
676
659
574
536
431
585
404
537
525
422
558
542
414
482
547
479
529
468
586
495
596
480
311
344
256
310
216
272
291
281
322
271
202
277
353
305
267
335
251
379
334
343
35
43
127
48
154
45
3
132
108
77
160
89
20
15
80
99
144
46
69
85
1031
1005
1143
1135
1101
1156
1132
1158
1008
1044
1056
1176
1162
1000
1148
1051
1196
1080
1123
1128
1131
1069
1072
1134
1142
1054
1073
1109
1012
1041
1139
1129
1188
1191
1120
1047
1038
1164
1181
1028
1002
1187
1017
1024
1153
1071
1029
1195
1084
1106
1115
1099
1086
1194
1016
1159
1015
1020
1141
1105
1163
1154
1064
1027
1111
1068
1022
1124
1152
1013
1046
1042
1173
1059
1052
1113
1175
1130
1165
1033
1151
1184
1089
1167
1155
1035
1117
1034
1122
1179
1037
1040
1166
1036
1096
1049
1125
1090
1110
1147
1057
1133
1079
1103
1010
1085
1023
1014
1053
1095
1157
1102
1107
1050
1060
1083
1140
1088
1098
1104
1171
1007
1112
1048
1186
1121
1180
1183
1174
1127
1177
1197
1144
1061
1169
1189
1172
1170
1136
1116
1019
1055
1075
1138
1066
1021
1081
1039
1190
1026
1161
1199
1168
1087
1078
1045
1058
1082
1137
1192
1118
1009
1025
1198
1146
1119
1114
1077
1006
1150
1070
847
820
957
866
885
884
855
828
853
989
890
935
805
880
956
934
946
995
914
994
900
899
896
940
916
840
901
912
895
812
919
869
993
891
987
842
996
966
959
888
951
865
906
910
970
863
920
852
876
889
969
915
883
864
962
892
813
941
858
902
844
983
879
881
943
961
933
979
964
954
803
815
936
887
836
832
958
963
827
878
971
985
807
909
924
870
898
822
925
975
928
872
972
850
856
824
945
908
978
846
835
991
931
953
860
857
968
927
800
834
809
903
830
948
810
841
955
873
913
894
843
816
998
926
829
814
947
973
981
965
802
976
923
861
877
950
932
826
867
960
982
875
801
938
862
819
974
967
845
937
874
839
911
904
922
986
905
893
833
848
868
977
952
804
930
907
849
808
871
921
944
749
764
622
639
717
690
769
728
602
640
793
625
632
747
687
791
697
617
787
737
663
795
675
765
609
754
746
631
661
775
719
783
740
672
777
734
685
621
711
774
714
745
691
642
695
712
759
733
736
611
705
708
692
606
756
735
723
612
604
720
710
669
796
628
615
601
780
658
682
647
644
680
694
748
671
696
610
603
797
689
623
608
600
709
634
618
716
686
778
703
688
636
614
729
626
668
762
779
722
629
650
683
792
670
653
788
656
657
751
767
633
630
664
742
776
781
679
678
635
673
693
627
666
704
665
620
773
772
674
785
752
624
652
654
702
758
677
784
770
607
761
660
738
753
727
741
699
786
616
789
799
743
732
766
645
637
771
706
646
649
643
760
782
698
651
641
724
718
768
667
707
582
533
427
501
402
481
446
579
433
485
484
566
456
478
576
561
472
458
493
460
506
438
424
418
569
420
549
476
532
592
421
590
440
457
571
527
413
578
453
423
432
454
553
534
451
597
463
591
508
403
442
584
572
504
580
588
474
567
556
531
538
444
408
483
448
545
575
441
593
543
513
436
461
502
467
521
514
565
447
507
497
487
498
490
530
439
568
594
500
407
560
551
583
425
587
562
519
405
528
437
477
471
462
554
473
552
581
445
589
511
466
412
509
409
435
496
491
416
535
492
428
515
599
419
499
434
401
410
544
475
417
512
548
415
510
494
406
540
550
520
426
443
464
469
400
430
503
570
564
516
598
429
450
546
488
573
489
455
465
517
470
577
522
449
452
524
526
523
541
505
486
239
395
317
360
348
394
213
329
219
354
295
383
243
373
214
263
254
276
249
326
240
200
293
340
357
312
325
347
392
294
386
333
265
262
296
365
237
252
367
289
372
234
328
390
285
286
341
280
298
342
253
368
290
242
222
210
201
374
359
387
315
309
339
323
331
226
371
391
378
398
352
332
246
260
320
208
221
273
270
297
236
376
324
316
337
288
284
369
279
231
264
275
215
397
261
350
313
388
257
319
304
351
363
230
266
225
274
382
205
314
245
238
356
206
247
318
306
269
393
287
399
268
211
362
229
292
248
203
355
204
396
227
283
218
232
258
389
220
300
212
361
302
278
235
380
217
233
384
259
345
282
244
299
364
375
330
301
338
358
303
255
224
307
207
336
349
250
370
377
346
223
129
158
121
23
124
10
167
37
12
97
65
27
131
59
174
73
145
72
90
148
189
150
142
94
113
197
164
152
33
18
194
56
53
78
8
109
41
147
163
137
79
86
40
130
182
173
184
192
17
51
50
116
9
193
5
183
175
169
61
156
171
157
162
75
159
103
141
42
26
110
151
76
143
49
55
128
36
57
2
1
153
93
104
4
135
177
64
102
30
22
101
66
54
19
21
58
31
107
83
114
47
139
199
134
168
62
185
96
0
11
118
166
100
155
95
195
7
105
106
146
123
196
81
125
24
179
178
84
120
112
6
119
187
188
82
70
67
68
115
198
181
60
165
71
190
16
44
39
191
140
63
138
126
92
88
111
38
34
180
161
170
122
29
91
172
28
74
13
32
149
87
