1009
1031
1046
1108
1133
1066
1081
1060
1155
866
845
801
909
951
985
823
989
916
632
721
639
684
760
745
643
667
624
485
415
451
472
542
404
446
426
441
231
313
222
330
322
232
342
312
265
197
131
169
64
186
180
48
129
189
1073
1178
1195
1156
1072
1053
1030
1183
1098
1194
1007
1078
1127
1083
1080
1159
1016
1123
1122
1150
990
895
893
978
973
852
917
892
913
970
994
952
999
856
956
931
848
855
926
811
794
679
617
706
607
780
791
621
751
762
724
699
761
741
786
720
672
717
623
710
414
454
503
450
595
476
538
448
461
598
494
407
563
433
489
403
457
562
585
597
302
394
369
315
374
246
238
250
249
358
395
345
376
398
341
356
366
287
204
275
18
12
173
159
17
107
177
105
37
109
181
3
39
73
77
147
100
101
32
29
1125
1022
1162
1029
1146
1118
1124
1024
1026
1027
1189
1079
1047
1049
1115
1000
1110
1139
1071
1084
1090
1106
1174
1050
1193
1012
1103
1184
1020
1035
1036
1082
1065
1131
1176
1077
1045
1055
1188
1138
1197
1172
1038
1171
1148
1126
1033
1140
1091
1154
1025
1096
1076
1063
1074
1158
1135
1147
1087
1107
1102
1145
1120
1142
1157
1094
1057
1166
1014
1044
1168
1182
1059
1075
1170
1037
1113
1160
1179
1004
1023
1048
1173
1005
1129
1163
1152
1070
1093
1013
1165
1042
1006
1002
1167
1144
1137
1130
1086
1097
1175
1064
1021
1117
1132
1198
1143
1134
1067
1128
1112
1089
1161
1119
1181
1121
1190
1019
1169
1164
1180
1088
1040
1028
1011
1043
1109
1054
1192
1001
1032
1185
1177
1008
1034
1056
1114
1010
1149
1136
1191
1041
1104
1068
1061
1092
1095
1051
1151
1196
1062
1186
1101
1052
1039
1153
1099
1116
1111
1015
1105
1141
1085
1003
1017
1058
1018
1069
1187
1100
1199
843
849
883
942
803
861
964
933
940
802
888
831
946
934
851
813
854
887
841
830
966
968
812
925
953
904
899
867
810
844
945
922
979
995
963
998
897
821
850
876
853
869
906
884
988
807
993
972
957
911
962
919
833
927
992
814
980
864
806
937
996
910
976
986
817
903
832
924
938
816
815
857
960
969
878
809
958
880
837
858
889
900
827
839
920
949
954
939
825
824
981
894
908
800
840
961
828
929
822
902
950
879
944
835
943
890
820
983
808
928
881
870
974
923
818
882
860
912
862
875
948
826
921
871
905
941
873
936
847
991
914
872
885
955
959
932
901
863
834
846
997
891
868
918
982
805
965
836
865
971
819
987
886
907
947
838
984
915
935
975
967
930
829
877
898
896
859
874
842
977
804
790
661
662
765
726
687
703
608
625
635
756
631
702
748
652
701
740
749
769
641
602
675
718
645
732
681
734
776
763
792
728
766
738
678
601
628
705
665
610
653
655
693
798
668
673
775
707
619
600
719
636
698
758
609
612
669
752
638
704
777
739
660
723
750
680
793
757
713
779
604
747
644
611
731
700
671
736
676
677
649
637
759
774
651
663
743
605
722
694
787
735
799
788
714
618
613
685
767
715
640
746
733
785
629
773
686
755
670
796
689
716
615
659
797
784
626
614
709
772
682
691
778
620
658
781
737
730
711
683
616
648
666
770
634
630
771
603
753
606
688
697
674
725
633
783
647
657
795
695
627
656
622
664
782
712
708
727
742
654
650
754
789
696
768
744
646
764
642
692
690
729
579
533
541
568
510
588
599
546
464
459
570
526
498
481
540
567
528
429
496
529
593
458
453
440
571
462
482
504
405
534
584
431
492
589
467
439
425
444
491
572
556
413
499
473
537
470
480
465
518
400
516
508
475
596
449
406
402
501
590
497
576
520
471
548
486
479
511
456
573
525
544
553
578
535
586
443
539
484
582
460
507
517
565
468
435
564
547
574
424
500
412
523
417
521
421
477
418
527
550
551
506
569
545
410
409
581
490
447
401
442
531
505
513
428
559
552
483
430
495
514
591
519
583
437
408
515
543
411
554
422
522
463
438
530
452
427
502
469
577
532
549
566
509
555
536
487
560
575
558
512
423
466
524
587
557
432
594
436
455
592
416
420
493
478
580
474
434
419
445
488
561
252
255
353
267
365
221
212
314
319
233
318
202
355
288
349
241
280
351
207
389
344
331
285
245
237
337
346
247
295
347
293
367
326
311
282
333
363
301
384
381
310
296
323
256
378
283
224
387
284
390
396
339
226
254
273
393
304
205
219
215
214
260
357
297
332
309
348
234
213
360
375
251
385
261
264
220
263
336
274
359
383
239
253
335
380
317
277
268
223
203
262
303
320
291
298
386
270
338
240
334
286
216
276
259
399
299
350
217
235
206
272
352
257
218
305
325
244
225
361
200
316
210
388
236
391
327
368
266
258
372
211
269
354
248
371
324
300
228
227
329
377
229
230
243
242
392
364
294
321
271
343
201
208
382
308
306
290
370
362
379
328
281
289
397
279
340
209
292
373
307
278
122
94
93
95
158
50
140
113
187
21
22
130
66
85
0
106
103
20
38
49
28
154
112
125
196
10
139
110
163
27
1
52
81
82
176
84
199
108
143
115
124
67
142
164
137
126
43
136
11
72
65
117
172
5
79
185
134
175
146
58
71
42
182
7
190
75
59
192
83
119
91
34
102
23
4
111
98
8
68
144
156
36
63
168
35
174
16
97
51
133
183
195
86
99
69
30
104
179
90
92
46
6
114
53
15
151
170
25
160
148
184
55
57
60
194
167
166
188
157
161
78
41
120
178
33
54
24
165
76
171
2
26
87
121
14
128
40
152
45
162
191
9
19
96
61
127
44
145
88
150
193
80
47
132
141
70
13
149
31
198
123
138
62
153
89
135
74
116
56
155
118
