1084
1013
1163
1178
1031
1038
1099
1189
1187
926
921
864
901
946
953
856
836
948
770
655
639
602
647
634
753
730
741
435
501
569
565
509
502
557
563
577
393
369
305
252
309
344
301
207
232
44
19
25
90
91
103
24
166
163
1044
1123
1119
1080
1108
1125
1072
1047
1060
1093
1171
1101
1056
1034
1115
1077
1025
1181
1114
1066
858
906
968
995
854
873
958
828
894
806
872
933
916
868
813
944
867
992
887
951
626
701
767
728
687
708
607
606
763
693
779
684
675
754
616
742
637
709
796
692
593
567
492
526
589
575
500
533
550
412
464
560
588
428
440
597
582
432
568
516
293
322
212
241
325
349
291
380
203
328
329
389
332
347
227
247
279
266
206
200
102
114
159
170
157
132
174
176
175
173
131
74
115
34
36
86
14
47
167
9
1065
1057
1027
1039
1086
1116
1102
1137
1074
1161
1018
1090
1155
1131
1185
1079
1070
1032
1144
1152
1192
1058
1141
1035
1190
1022
1109
1184
1158
1042
1156
1015
1196
1111
1103
1008
1076
1120
1096
1105
1011
1053
1052
1007
1121
1183
1087
1145
1098
1107
1040
1001
1106
1160
1164
1045
1019
1024
1140
1016
1167
1010
1061
1078
1028
1092
1043
1004
1020
1177
1083
1075
1139
1151
1175
1030
1130
1048
1138
1059
1157
1166
1147
1153
1134
1195
1041
1091
1062
1003
1064
1012
1197
1136
1049
1088
1180
1162
1179
1194
1067
1085
1097
1198
1149
1051
1094
1104
1174
1110
1033
1113
1193
1037
1172
1071
1089
1009
1168
1127
1082
1170
1182
1188
1150
1036
1081
1014
1006
1128
1126
1133
1023
1063
1026
1021
1002
1017
1148
1169
1046
1029
1117
1124
1095
1159
1100
1186
1173
1176
1191
1069
1054
1146
1142
1050
1135
1118
1154
1143
1165
1073
1055
1132
1122
1005
1000
1112
1129
1068
1199
891
852
991
878
971
899
876
924
800
928
801
837
883
929
840
905
886
940
996
987
850
851
917
802
988
810
997
821
804
866
910
934
911
859
843
937
849
860
824
832
830
884
961
918
863
952
877
903
978
880
945
950
908
956
993
874
930
985
920
838
888
893
815
923
875
900
812
823
965
963
848
907
820
912
977
889
805
909
895
826
955
890
982
966
882
975
980
807
941
981
914
825
834
973
853
989
846
902
938
913
827
936
984
970
994
964
847
983
974
976
927
816
892
957
960
865
870
896
959
818
885
819
817
897
879
857
829
943
814
990
881
931
967
954
922
979
962
808
855
999
898
861
871
803
841
822
986
932
969
869
925
972
949
839
809
947
998
919
942
844
833
915
835
845
811
831
904
939
842
862
935
662
756
650
733
669
740
663
713
758
631
734
656
717
714
691
698
614
776
664
615
749
690
751
622
633
723
794
603
665
774
694
782
695
778
681
611
625
679
686
791
771
666
699
784
785
757
632
703
618
706
760
612
790
670
605
724
619
764
707
798
788
762
667
721
649
773
752
799
635
677
726
645
696
601
755
720
621
697
624
688
722
725
641
678
704
781
652
783
750
780
643
654
745
628
627
786
620
644
638
715
672
651
683
629
676
653
718
660
661
766
680
646
600
705
797
769
777
617
689
610
747
731
729
795
789
712
613
604
668
636
735
738
787
772
658
792
727
640
609
623
700
630
648
744
710
746
608
671
682
737
673
736
732
659
761
793
765
739
768
775
719
748
759
716
711
674
657
702
743
685
642
420
584
535
455
476
493
467
523
479
441
540
490
449
561
552
482
522
591
427
517
430
472
487
531
596
598
489
508
475
415
477
481
439
416
485
421
510
497
409
433
453
461
483
562
507
445
585
418
452
450
484
564
443
579
460
583
518
566
542
544
555
573
471
400
438
515
505
456
592
559
463
403
413
447
594
436
402
554
545
491
419
468
470
556
530
541
571
512
474
574
448
451
425
431
429
553
576
549
434
410
529
465
458
524
506
548
404
581
478
407
422
498
527
546
525
457
499
599
570
521
587
537
580
528
486
520
406
488
536
408
514
496
511
426
459
504
424
558
578
401
437
551
586
423
595
572
534
547
462
480
503
494
543
414
519
444
539
405
454
532
446
466
513
411
442
590
538
495
473
469
417
264
215
381
208
237
239
263
352
278
359
308
223
364
343
256
272
297
310
286
231
213
354
249
385
302
294
335
258
339
254
204
290
259
210
340
217
250
233
395
273
219
228
313
205
320
292
244
338
234
281
323
398
373
299
284
336
285
333
399
201
283
295
229
377
397
288
394
392
367
371
224
317
230
362
324
341
307
386
216
358
327
253
275
370
396
379
357
374
311
326
353
298
225
315
350
277
289
267
255
242
376
360
271
321
383
337
356
375
248
269
211
312
238
257
236
368
280
245
268
265
235
378
348
221
306
261
334
303
282
209
270
318
220
222
274
330
218
240
331
316
214
342
372
246
319
345
287
355
351
262
387
226
300
363
276
390
314
366
296
251
361
202
391
384
346
388
260
382
243
304
365
138
139
126
37
77
48
78
95
16
71
42
83
151
41
116
54
153
187
76
18
2
188
100
171
117
60
129
10
43
11
172
164
45
119
168
3
156
88
143
197
110
108
73
33
180
12
178
57
190
105
52
133
28
67
194
30
63
141
38
155
109
160
56
185
144
152
179
32
58
89
70
121
94
137
136
13
113
150
195
15
4
142
29
7
68
165
135
59
189
146
112
128
46
177
198
35
72
122
147
184
96
120
31
130
23
161
154
118
193
186
125
40
64
20
104
98
169
101
6
196
51
134
49
82
183
26
65
199
8
21
191
62
50
39
53
158
93
75
84
123
0
148
81
87
1
106
22
127
162
99
145
92
140
69
85
80
149
124
182
192
27
61
97
181
66
79
111
5
55
107
17
