1134
1004
1095
1157
1177
1150
1118
1002
1046
943
911
838
919
822
928
831
915
966
788
697
726
722
739
653
625
775
725
584
495
501
508
504
480
419
467
512
216
293
261
392
337
234
384
339
311
177
113
126
171
182
192
22
64
65
1175
1119
1019
1154
1092
1065
1102
1039
1072
1055
1006
1155
1043
1158
1054
1052
1084
1195
1085
1163
918
937
849
989
927
869
996
999
897
853
992
993
896
895
945
986
929
950
815
816
783
651
714
635
650
796
688
617
748
673
736
706
701
603
615
771
797
778
645
752
507
577
474
492
529
523
574
505
443
580
491
496
538
525
402
430
563
487
465
406
252
321
212
228
244
336
334
243
365
226
266
232
371
364
288
329
201
389
300
327
116
147
81
0
155
44
18
141
7
196
142
175
41
6
150
95
36
53
35
34
1121
1075
1011
1116
1030
1117
1161
1014
1049
1145
1053
1107
1170
1140
1173
1139
1137
1194
1101
1015
1120
1130
1169
1033
1108
1100
1022
1012
1125
1025
1026
1036
1189
1097
1050
1149
1127
1186
1009
1071
1135
1089
1058
1017
1146
1148
1021
1156
1037
1027
1176
1074
1057
1082
1114
1165
1032
1115
1174
1068
1099
1178
1152
1110
1138
1044
1016
1131
1034
1104
1040
1142
1045
1080
1172
1199
1091
1160
1185
1171
1179
1129
1059
1103
1038
1144
1047
1126
1001
1168
1166
1029
1087
1159
1003
1066
1181
1153
1096
1105
1141
1010
1136
1147
1078
1111
1088
1180
1000
1005
1035
1031
1048
1190
1151
1162
1112
1182
1070
1060
1090
1061
1122
1086
1063
1008
1083
1069
1076
1056
1081
1007
1077
1062
1073
1187
1197
1191
1079
1109
1041
1143
1018
1028
1064
1193
1133
1067
1023
1098
1123
1094
1093
1020
1013
1051
1184
1192
1042
1024
1113
1164
1124
1183
1128
1188
1167
1196
1132
1106
1198
914
940
902
977
844
864
971
920
806
981
878
942
891
830
811
888
913
809
837
881
854
899
847
997
925
960
807
810
820
916
912
934
865
973
880
963
860
987
906
856
842
824
845
850
947
843
932
944
941
967
975
926
851
887
827
874
964
867
804
834
861
898
805
848
959
988
939
873
813
994
931
957
866
889
968
892
828
979
953
818
858
938
840
833
958
984
955
890
886
998
995
956
801
935
904
905
893
808
983
907
921
870
819
991
871
974
952
825
821
962
961
951
903
980
884
946
823
930
982
923
836
972
922
868
855
936
985
894
802
885
917
910
948
859
826
863
875
976
949
978
835
909
879
954
990
882
832
970
839
862
803
846
900
857
817
800
876
908
877
829
901
814
841
965
969
933
852
872
924
812
883
786
774
732
626
729
655
787
623
758
657
741
709
694
628
634
765
768
755
700
790
692
780
672
648
760
620
604
610
792
668
600
799
794
738
691
666
627
608
782
624
707
633
704
721
749
713
677
712
750
642
727
711
674
629
764
693
638
795
737
698
602
663
770
621
763
754
636
789
659
683
744
740
640
671
675
784
690
630
618
689
631
710
720
751
601
616
762
611
785
746
747
776
605
682
731
696
681
742
641
728
662
761
680
723
769
664
756
702
715
757
678
686
708
798
695
619
614
718
676
667
654
665
705
781
652
647
687
649
606
743
724
773
730
679
658
716
734
703
607
639
719
793
684
644
622
646
791
609
759
670
745
717
735
772
767
766
656
753
685
632
777
669
612
779
637
661
613
643
699
660
733
423
503
447
494
426
454
481
464
541
530
585
576
511
536
417
543
540
483
470
553
416
509
593
534
471
434
502
545
403
524
539
596
482
562
582
475
561
472
432
462
527
456
422
414
405
522
588
575
424
547
410
590
581
429
567
497
478
435
513
409
589
515
557
457
569
466
436
583
598
571
542
565
412
559
550
570
433
463
535
425
552
473
450
510
413
442
506
517
586
452
461
587
599
446
431
544
514
558
490
445
499
533
531
400
568
516
479
486
468
566
476
440
564
437
532
546
477
420
489
460
428
418
407
401
526
573
459
520
458
592
537
572
485
500
548
560
519
518
555
453
595
579
578
411
455
528
438
597
554
408
421
427
449
594
448
439
469
444
591
556
404
484
451
415
498
441
549
493
488
521
551
279
220
204
217
281
253
272
374
298
303
368
265
395
386
207
295
324
277
290
267
307
352
345
367
361
219
264
348
241
315
224
319
222
213
286
282
297
250
323
203
237
388
208
246
325
331
399
328
376
296
262
205
333
370
287
363
397
302
350
249
356
394
211
292
258
369
289
343
215
309
248
310
251
229
314
280
354
247
242
202
227
398
254
274
351
240
372
357
342
284
383
221
390
353
391
238
269
239
273
276
230
318
294
256
225
332
359
377
378
312
313
308
362
396
210
291
320
341
255
316
209
366
299
214
206
235
271
373
306
270
355
358
200
305
260
340
257
349
233
322
335
346
283
317
380
275
387
338
268
304
381
393
382
385
347
236
245
259
263
301
326
278
360
285
330
231
344
375
218
223
379
148
23
63
134
59
160
88
122
40
107
82
27
190
133
199
130
92
99
149
19
11
162
98
136
85
108
156
198
166
89
24
118
78
184
181
77
43
195
3
168
57
71
70
51
33
94
103
123
145
178
119
68
48
93
76
67
61
14
8
151
12
52
21
56
49
39
90
86
74
176
2
183
153
127
112
128
10
124
42
111
9
4
158
143
13
26
144
117
83
73
45
58
125
32
172
16
154
25
159
120
47
170
1
193
102
163
17
129
164
135
37
188
31
105
101
179
194
138
180
137
20
69
80
100
96
146
191
15
66
91
72
139
174
161
62
187
157
97
104
30
46
189
121
5
186
132
114
79
167
110
28
165
75
38
115
29
152
185
106
60
109
50
169
197
54
173
131
55
84
140
87
