1058
1182
1068
1157
1106
1028
1114
1131
1084
841
860
881
905
952
834
996
825
929
718
663
682
712
607
755
713
604
719
513
590
529
476
548
535
574
589
482
348
365
375
362
308
290
341
237
319
142
167
188
88
192
98
2
150
186
1030
1152
1110
1180
1021
1092
1125
1016
1076
1118
1010
1169
1103
1004
1194
1153
1009
1193
1097
1154
957
901
960
895
986
870
812
998
888
976
813
819
975
816
991
969
854
962
871
829
609
772
758
708
675
633
625
720
697
676
652
678
679
739
681
658
649
742
641
692
408
516
532
584
420
570
553
406
485
483
534
466
458
486
467
457
554
442
470
423
335
222
218
386
263
238
307
250
334
253
316
288
351
368
370
226
373
354
264
209
135
77
136
51
96
30
177
101
174
25
126
134
157
173
178
140
33
97
164
84
1065
1150
1119
1165
1077
1107
1198
1024
1040
1147
1159
1132
1121
1161
1109
1170
1079
1117
1047
1089
1063
1086
1052
1129
1130
1085
1026
1090
1080
1196
1057
1146
1088
1032
1037
1188
1069
1045
1061
1178
1173
1124
1029
1064
1126
1042
1020
1062
1113
1096
1012
1187
1177
1072
1038
1158
1011
1041
1025
1184
1134
1149
1133
1017
1163
1189
1138
1151
1101
1191
1053
1039
1082
1142
1120
1098
1190
1027
1167
1155
1050
1199
1164
1060
1056
1008
1093
1160
1176
1104
1075
1044
1001
1091
1137
1143
1136
1166
1112
1171
1139
1115
1070
1197
1192
1128
1036
1059
1185
1162
1095
1099
1073
1046
1006
1014
1123
1035
1122
1002
1127
1175
1135
1003
1094
1066
1049
1111
1013
1174
1102
1078
1156
1172
1055
1100
1105
1071
1022
1148
1195
1007
1019
1051
1083
1033
1081
1018
1023
1144
1031
1181
1000
1087
1034
1074
1140
1067
1108
1116
1168
1145
1015
1054
1186
1043
1179
1005
1141
1183
1048
979
863
894
859
925
847
899
950
802
892
879
840
936
978
800
833
956
842
843
941
943
808
953
826
835
893
923
890
868
839
850
827
831
997
989
964
921
869
818
932
933
963
874
872
883
954
980
897
820
814
971
944
906
946
865
878
805
809
887
852
828
940
972
862
937
867
938
900
935
987
920
891
948
886
811
858
968
965
958
810
903
861
884
915
855
851
919
984
947
907
821
822
908
927
837
804
939
983
836
844
999
909
993
994
934
959
803
815
988
823
990
967
856
848
849
806
931
945
885
970
951
942
916
961
911
977
838
955
918
912
857
866
930
876
922
902
992
830
917
973
873
904
817
801
985
928
807
966
882
864
982
981
877
824
898
880
914
913
949
995
924
926
974
910
889
896
845
875
832
853
846
777
617
659
731
769
735
666
602
693
781
626
773
687
623
741
733
686
775
698
782
620
799
647
695
618
680
671
677
770
639
723
764
753
664
628
737
759
648
672
613
756
632
650
787
615
767
696
643
776
734
699
728
729
744
670
646
688
689
691
792
629
730
637
640
685
798
657
761
790
621
705
754
745
751
748
766
603
707
614
711
627
749
665
673
624
721
622
726
709
644
794
638
789
768
631
780
636
656
752
608
610
778
704
725
616
747
763
600
788
606
760
762
783
722
611
635
724
793
645
701
619
714
667
684
612
642
797
653
743
690
715
706
654
795
740
634
779
605
736
791
702
700
674
771
717
786
746
716
710
655
765
784
660
757
601
651
796
669
738
661
630
732
694
668
727
774
703
662
750
683
785
405
444
517
484
460
435
515
478
490
459
559
491
400
501
463
493
579
538
536
456
414
426
519
425
480
505
424
415
552
585
422
499
520
477
558
527
409
576
495
447
416
557
560
433
410
545
531
498
562
487
524
512
465
583
594
464
419
596
441
437
566
503
428
580
418
541
540
427
526
537
549
412
504
462
563
586
597
551
511
523
544
497
496
599
506
492
528
569
488
514
561
472
479
413
443
539
578
565
468
500
522
581
421
567
481
591
407
455
564
525
595
587
403
446
489
401
453
575
440
450
556
577
568
434
507
448
592
402
521
550
588
518
445
411
572
404
430
509
494
429
474
439
473
436
461
593
530
469
471
533
543
582
571
573
438
452
502
417
555
508
449
547
451
546
598
542
432
431
454
510
475
387
377
229
399
363
390
200
283
259
266
276
234
249
278
219
252
289
297
282
304
339
383
381
391
321
214
306
325
329
337
285
231
315
236
293
239
273
310
244
227
301
353
210
247
397
262
311
372
235
340
349
286
355
331
366
299
300
243
338
241
376
369
202
324
279
350
203
328
254
204
284
281
379
246
277
271
303
211
213
265
378
232
312
298
395
398
374
336
242
309
257
233
356
389
224
287
268
294
269
357
258
251
388
212
318
352
345
292
392
371
208
215
295
240
344
220
346
342
323
248
272
267
206
394
256
396
320
230
245
205
347
326
274
260
302
291
280
313
207
367
275
314
393
327
270
223
322
332
358
384
330
305
228
225
364
385
382
361
333
216
217
359
343
221
380
360
261
255
201
317
296
189
82
119
38
10
95
129
105
17
75
29
196
35
197
195
71
46
13
143
116
70
64
141
91
176
198
168
47
85
72
102
148
9
94
45
80
123
181
81
166
50
103
8
154
49
120
151
184
87
115
0
11
21
152
55
130
31
7
99
137
114
34
89
26
132
147
44
106
58
179
109
159
28
83
61
122
4
172
48
146
171
144
121
67
59
162
100
191
131
24
128
73
138
187
182
5
118
108
185
161
54
78
183
37
127
90
193
110
32
16
56
158
63
111
3
18
139
190
22
42
133
163
65
69
23
41
112
79
160
113
199
12
86
68
20
125
93
180
53
169
66
170
39
57
92
175
15
153
124
14
52
1
155
27
107
19
40
76
43
62
145
74
194
104
60
149
117
156
6
165
36
