1052
1156
1123
1028
1146
1085
1048
1007
1138
895
883
931
813
971
936
851
908
997
764
627
640
737
740
646
732
749
701
544
588
540
508
447
462
539
567
599
335
390
319
311
363
270
376
298
367
143
71
150
198
113
133
98
167
130
1172
1093
1180
1197
1076
1081
1029
1063
1115
1173
1150
1103
1100
1106
1195
1170
1168
1140
1113
1088
809
823
829
916
843
965
991
910
853
953
957
920
834
977
944
974
830
876
899
914
727
601
618
747
748
665
603
612
787
799
621
663
728
789
743
772
768
643
685
657
490
502
559
495
538
474
493
555
558
595
441
460
445
432
573
545
565
550
431
501
268
303
333
231
344
358
289
218
304
330
383
287
203
343
263
208
280
381
286
223
77
69
108
37
168
27
119
11
199
28
157
169
6
16
101
118
125
189
173
111
1102
1092
1006
1032
1036
1013
1169
1078
1175
1198
1120
1067
1037
1114
1087
1045
1023
1157
1086
1049
1133
1014
1105
1178
1187
1033
1144
1099
1065
1010
1030
1053
1019
1154
1147
1071
1132
1034
1058
1190
1153
1016
1125
1162
1136
1000
1083
1024
1084
1031
1142
1193
1186
1046
1129
1009
1119
1038
1057
1089
1163
1035
1091
1151
1069
1079
1155
1127
1073
1188
1001
1159
1135
1018
1012
1041
1122
1152
1002
1176
1121
1118
1194
1021
1199
1141
1098
1015
1196
1192
1126
1111
1108
1005
1094
1158
1090
1145
1148
1020
1054
1177
1184
1097
1051
1124
1074
1017
1044
1183
1179
1166
1165
1131
1042
1026
1039
1004
1025
1160
1161
1022
1008
1072
1134
1182
1185
1062
1112
1143
1174
1064
1077
1191
1104
1167
1101
1055
1096
1128
1027
1040
1056
1139
1003
1181
1080
1171
1137
1164
1047
1117
1107
1061
1075
1095
1149
1011
1068
1070
1189
1060
1082
1110
1130
1109
1050
1059
1043
1066
1116
889
854
818
849
864
906
880
801
871
923
816
860
869
913
887
963
964
840
838
874
882
827
968
996
897
905
935
986
937
836
975
947
939
970
807
846
928
861
980
911
873
979
946
924
898
845
926
902
868
884
951
907
954
817
995
877
938
972
896
952
958
848
865
839
862
888
890
878
867
992
881
973
841
932
886
999
892
885
983
858
915
912
810
824
993
942
859
918
978
943
800
814
966
850
941
803
852
893
903
808
981
900
998
828
832
994
821
831
822
875
959
856
866
967
987
929
872
825
855
819
826
950
927
989
879
833
921
956
842
969
806
925
844
917
982
919
847
837
976
940
812
820
891
804
962
922
904
894
901
909
863
811
802
934
857
984
805
930
948
949
815
961
955
870
985
988
990
945
960
835
933
673
700
610
785
688
631
762
798
751
746
750
793
730
719
721
681
633
709
794
617
607
611
791
613
656
756
706
755
638
771
669
680
604
619
615
778
664
763
672
780
711
697
708
692
738
645
608
784
666
632
626
616
655
648
724
671
742
712
776
684
623
693
624
678
704
783
662
674
651
722
714
773
765
687
641
629
703
766
720
683
736
676
639
796
695
745
689
782
625
660
713
761
733
699
726
792
606
691
686
682
614
739
677
659
609
634
723
602
725
649
769
647
622
758
760
654
767
774
707
786
741
775
717
690
600
754
735
715
679
635
620
605
636
797
753
759
652
734
744
694
698
653
642
628
718
668
790
752
731
716
637
667
675
770
696
788
795
670
661
658
705
710
781
779
702
777
644
729
650
757
630
411
480
507
416
451
465
554
466
514
433
515
557
517
571
424
553
449
551
596
556
521
531
414
417
446
563
503
576
453
494
401
406
552
484
461
492
529
526
403
590
586
560
483
583
520
530
412
455
434
420
572
476
546
549
426
505
581
498
491
504
541
468
413
450
568
470
497
405
440
404
548
528
564
458
518
547
439
591
471
516
566
435
475
454
485
562
421
400
512
459
428
542
496
500
509
425
452
592
499
457
463
438
489
513
427
523
574
443
569
511
598
430
472
525
487
409
593
578
402
423
464
444
534
473
436
589
510
543
594
419
537
442
570
478
533
506
429
486
577
422
532
448
536
524
585
527
519
415
584
408
561
407
469
579
522
575
437
479
477
582
535
597
482
418
481
488
456
580
410
467
587
288
339
200
202
313
329
219
373
271
269
253
206
380
234
261
251
282
345
353
396
352
225
351
321
291
296
361
237
384
334
369
297
307
393
290
228
209
305
371
260
392
205
310
312
332
309
266
262
214
294
293
391
348
278
227
249
275
238
399
222
235
388
216
281
338
265
320
279
211
370
236
230
273
306
247
357
328
317
267
250
207
342
240
239
272
364
255
389
292
314
221
245
215
365
283
331
276
248
302
378
259
243
362
274
340
346
241
252
394
322
233
366
327
264
246
325
323
220
355
258
359
277
354
350
377
379
295
213
318
324
347
336
284
232
226
341
360
385
257
368
387
256
217
254
229
285
356
374
386
300
242
224
375
395
397
326
210
308
301
316
337
372
201
349
398
299
204
315
212
244
382
9
121
141
53
126
190
45
92
153
170
100
163
34
47
0
23
193
197
36
131
105
142
117
112
183
87
114
79
128
48
84
5
145
185
93
55
73
74
91
181
140
94
3
67
102
192
22
15
62
115
127
65
7
70
194
116
18
158
90
80
180
186
103
88
81
182
104
191
161
97
44
148
13
57
60
187
144
159
165
129
82
123
41
17
29
132
30
156
184
46
154
83
155
40
64
124
177
25
109
138
39
52
179
151
20
54
195
43
19
107
59
38
86
4
14
78
99
32
89
66
110
196
160
96
8
21
147
146
72
85
12
122
61
1
134
164
24
26
176
172
58
35
120
95
2
162
75
152
171
137
56
136
106
178
139
188
33
49
51
50
42
135
31
149
63
174
10
166
76
175
68
