1199
1008
1174
1063
1173
1042
1055
1049
1065
855
887
812
980
847
856
890
989
878
708
733
770
775
718
756
654
664
763
527
563
403
555
460
433
535
494
549
285
290
351
202
253
259
355
394
224
121
181
122
153
50
186
187
151
168
1024
1177
1009
1141
1139
1153
1029
1146
1122
1101
1088
1150
1064
1006
1100
1183
1005
1048
1081
1013
818
886
842
820
904
804
803
844
930
901
976
867
906
969
880
935
896
942
807
977
779
724
751
636
715
789
737
665
701
690
739
676
632
683
694
612
684
679
757
717
435
409
427
452
421
533
591
586
495
501
455
418
487
510
571
404
514
488
438
467
334
249
390
209
369
391
303
225
337
330
220
280
228
302
234
279
301
233
266
264
192
198
194
106
21
18
70
190
150
180
144
36
96
60
125
90
26
55
160
24
1012
1053
1124
1022
1039
1023
1068
1137
1138
1036
1058
1046
1033
1182
1020
1026
1164
1011
1027
1095
1185
1102
1050
1016
1136
1145
1155
1127
1067
1178
1176
1072
1084
1198
1059
1179
1128
1133
1062
1156
1160
1114
1108
1186
1070
1040
1116
1080
1192
1195
1078
1166
1028
1109
1054
1035
1051
1087
1144
1197
1092
1060
1003
1191
1031
1149
1097
1066
1187
1129
1130
1147
1085
1157
1057
1096
1171
1001
1099
1172
1110
1190
1030
1143
1131
1074
1107
1056
1194
1170
1142
1044
1148
1052
1152
1193
1007
1162
1010
1090
1000
1106
1061
1180
1073
1132
1163
1045
1032
1140
1184
1021
1089
1175
1086
1126
1161
1075
1002
1071
1118
1112
1159
1104
1069
1125
1181
1093
1038
1025
1098
1154
1041
1004
1082
1111
1077
1113
1169
1167
1037
1103
1015
1121
1117
1079
1119
1019
1043
1017
1091
1094
1135
1123
1134
1105
1076
1115
1165
1047
1158
1196
1151
1083
1034
1189
1168
1120
1014
1188
1018
993
877
965
902
907
873
927
909
962
832
916
828
961
895
863
885
917
905
838
893
936
854
811
869
810
833
860
991
866
955
958
974
998
846
829
943
924
972
857
839
827
940
826
997
979
806
822
894
836
881
910
808
870
841
850
802
874
891
956
825
966
884
815
967
892
853
915
899
875
889
862
952
939
938
944
845
988
900
872
933
852
947
865
999
834
876
809
920
849
963
925
888
990
913
926
929
912
932
957
858
941
919
996
848
823
871
982
914
931
883
837
946
821
800
937
859
922
951
851
953
950
879
897
968
995
861
985
981
814
975
984
882
928
923
840
954
959
994
903
986
835
987
843
864
817
978
801
921
816
830
831
934
945
971
824
983
949
908
805
948
960
898
970
868
973
964
819
918
813
911
992
752
650
634
641
754
758
613
621
618
774
734
704
689
692
646
657
609
745
780
635
709
783
610
728
608
723
670
753
759
659
719
633
600
663
710
712
675
720
784
628
730
696
731
656
682
793
645
798
732
729
666
604
703
629
614
642
702
686
738
602
662
711
746
637
786
640
685
795
660
677
705
791
764
768
722
647
797
727
776
678
671
741
792
620
691
742
672
699
725
611
625
773
750
649
778
668
777
688
713
755
782
796
716
760
601
721
735
674
687
639
726
698
781
623
700
673
749
651
626
661
615
736
655
697
605
603
616
743
794
748
744
648
630
617
771
658
627
788
622
772
762
761
607
643
747
766
606
669
695
638
680
714
681
740
765
624
631
787
693
767
653
619
644
652
790
769
799
785
706
707
667
512
508
500
440
577
592
598
446
551
430
559
474
422
516
484
567
542
434
537
576
431
566
552
507
532
401
553
531
519
538
451
515
436
432
461
476
469
498
449
472
513
450
479
425
459
529
471
595
441
439
584
419
442
544
585
579
454
444
524
470
548
410
573
546
473
564
465
526
407
541
466
413
583
402
569
558
400
550
581
437
475
483
480
416
491
503
562
462
490
423
453
502
543
554
520
540
414
518
492
477
578
426
589
511
560
486
568
557
456
536
497
408
406
478
587
485
556
521
530
420
468
496
593
481
574
599
482
570
504
493
405
457
412
517
594
572
428
509
522
525
424
429
547
523
534
489
463
417
447
505
590
506
575
539
448
411
464
458
499
565
561
443
415
545
582
528
596
580
597
445
588
397
294
299
388
339
272
376
240
263
381
245
315
268
231
379
335
384
382
205
361
374
248
251
359
319
343
362
311
399
217
282
286
254
215
201
331
296
281
375
346
395
257
244
238
317
242
378
219
292
328
321
393
372
356
211
216
246
250
273
353
380
323
212
320
261
226
386
392
262
239
256
332
297
271
357
230
358
383
208
227
349
366
348
269
206
265
316
235
314
204
341
291
255
347
327
274
283
352
322
313
276
325
267
200
304
338
260
340
214
293
309
344
223
275
298
368
312
222
278
237
213
284
371
318
387
345
289
367
258
342
308
210
236
229
363
396
270
365
364
203
336
333
307
247
218
252
295
350
324
398
373
243
329
377
360
277
385
232
300
288
221
370
326
310
287
389
241
207
305
354
306
65
64
163
126
4
140
13
167
43
111
31
10
3
32
107
141
22
174
20
63
89
83
71
175
148
68
74
100
118
184
75
41
15
102
147
103
57
197
155
0
124
78
25
170
62
152
143
40
54
17
12
115
196
183
9
95
92
179
73
158
191
8
48
154
39
37
139
189
110
76
109
80
23
52
51
11
128
137
182
172
58
61
171
129
108
2
88
35
156
46
165
162
119
44
161
159
105
98
176
134
142
27
97
101
193
77
112
82
81
149
120
164
59
93
136
188
130
53
138
84
45
199
86
116
91
117
135
69
56
132
42
169
87
104
29
145
6
166
16
30
146
133
114
33
185
131
67
28
94
19
195
72
66
34
1
47
123
7
127
178
14
49
157
5
177
113
38
79
99
85
173
