1128
1098
1131
1160
1153
1196
1041
1136
1115
808
824
821
969
961
805
885
926
832
720
700
769
724
621
785
602
727
646
546
471
474
406
470
563
596
443
502
230
253
235
372
307
348
339
397
352
34
36
30
162
150
193
10
7
9
1086
1121
1145
1028
1088
1169
1174
1063
1139
1101
1157
1039
1110
1010
1116
1173
1143
1106
1183
1125
852
949
982
801
970
920
931
873
843
986
894
978
825
861
959
863
968
915
917
901
735
746
749
675
786
651
660
650
690
641
775
673
689
600
766
761
792
745
712
789
468
545
599
510
520
424
538
578
464
503
421
482
445
549
592
534
486
525
465
453
258
381
373
302
218
270
355
262
271
376
290
231
224
391
361
266
234
222
319
289
186
192
57
61
116
78
20
103
196
29
95
113
108
194
112
115
164
141
105
171
1156
1175
1087
1082
1065
1000
1071
1046
1057
1089
1127
1150
1003
1072
1197
1094
1061
1002
1194
1192
1164
1067
1122
1051
1166
1167
1066
1006
1050
1178
1016
1165
1193
1005
1069
1013
1017
1104
1195
1068
1031
1001
1025
1126
1162
1159
1045
1198
1021
1171
1018
1187
1007
1144
1137
1149
1181
1077
1026
1105
1020
1096
1090
1060
1047
1009
1141
1044
1102
1163
1142
1147
1176
1170
1035
1134
1040
1092
1155
1093
1011
1034
1138
1054
1095
1184
1048
1027
1133
1189
1022
1130
1079
1058
1172
1056
1180
1064
1124
1103
1129
1012
1119
1132
1075
1151
1033
1185
1059
1073
1177
1111
1154
1036
1158
1114
1038
1113
1043
1109
1062
1168
1014
1032
1074
1008
1112
1053
1099
1186
1070
1042
1161
1019
1140
1024
1190
1030
1117
1135
1182
1179
1120
1080
1029
1023
1123
1081
1091
1078
1148
1097
1107
1199
1191
1004
1152
1049
1118
1055
1037
1100
1085
1015
1083
1146
1108
1188
1076
1052
1084
891
947
869
868
800
835
909
846
903
819
874
996
871
813
910
859
818
834
995
812
921
888
945
845
848
924
993
979
897
850
922
934
962
857
918
836
942
936
984
904
882
914
951
991
867
976
833
937
953
870
849
864
842
839
932
998
896
816
954
928
828
815
939
992
938
965
908
890
841
950
963
919
856
854
997
899
929
999
809
988
900
972
930
855
820
893
830
884
925
860
827
987
887
898
943
889
977
807
822
964
990
806
892
940
866
957
983
956
981
823
872
994
876
895
802
886
826
814
933
879
913
935
923
907
989
803
829
811
975
837
878
865
927
877
831
955
948
817
985
902
944
967
810
853
880
980
971
911
838
851
883
906
958
840
804
881
946
974
952
941
847
960
966
875
844
905
973
916
858
862
912
772
782
656
731
671
747
606
617
742
664
715
778
748
714
626
663
640
722
603
728
788
635
709
758
790
729
648
601
752
783
751
644
779
762
705
798
611
711
631
718
743
796
757
649
697
704
710
623
608
707
668
703
756
655
774
733
674
799
732
694
765
770
680
763
685
706
696
716
614
604
645
607
797
692
669
723
713
681
737
684
794
739
793
683
776
605
773
658
753
693
630
699
662
734
620
622
638
736
639
642
780
659
643
688
665
750
791
609
676
755
726
691
633
613
624
719
686
771
618
627
721
784
657
695
738
725
768
647
787
702
629
667
634
741
687
652
625
679
730
717
612
610
661
654
744
701
698
653
754
759
628
767
615
708
636
666
637
682
677
777
670
678
619
795
764
672
781
740
760
632
616
569
491
570
506
499
591
400
543
437
449
498
579
517
574
446
405
492
489
430
508
426
401
558
429
594
414
528
562
481
456
581
497
410
532
559
434
458
598
529
524
539
428
495
535
536
423
500
412
438
418
531
451
444
459
411
441
513
576
552
564
477
467
512
544
548
463
461
475
440
439
516
457
586
469
455
589
494
488
452
403
419
496
479
527
572
460
555
556
425
493
551
433
447
402
537
507
484
472
417
473
584
509
480
448
583
427
462
476
454
565
466
575
561
595
523
597
519
487
413
530
404
501
540
450
515
547
478
432
505
407
420
415
593
560
409
557
573
518
526
587
571
542
514
485
442
522
436
431
588
483
567
490
585
566
582
580
422
550
554
590
553
416
533
521
408
504
568
511
577
541
435
398
390
287
200
295
369
358
240
204
326
209
308
385
327
322
343
282
354
256
244
268
239
274
296
299
321
217
393
305
347
356
275
344
205
375
386
226
293
351
370
384
280
371
350
396
203
297
294
335
286
325
267
382
315
292
285
366
216
304
313
342
368
277
311
219
278
333
284
392
246
243
324
316
374
248
281
212
357
389
312
265
367
228
269
336
303
380
330
255
301
310
238
331
233
263
252
259
227
251
353
298
309
387
395
362
249
261
320
365
363
272
317
288
210
202
364
225
360
337
276
377
318
273
264
383
379
241
306
345
242
254
206
349
359
291
279
213
237
229
221
211
250
341
208
201
257
334
245
300
399
223
314
332
207
328
232
338
214
220
388
215
247
236
378
394
260
340
323
283
329
346
43
58
49
118
71
35
198
44
81
143
8
145
158
126
69
17
31
153
160
70
93
18
72
15
75
140
161
130
54
107
123
46
127
181
179
195
133
178
180
185
147
98
172
14
136
48
124
175
119
60
128
84
16
62
163
11
139
56
0
77
154
50
148
111
47
4
83
166
149
38
174
125
151
22
117
76
199
165
55
152
65
102
99
86
3
52
142
19
66
114
176
53
122
100
94
96
159
190
40
109
169
64
184
183
91
182
129
138
104
27
80
41
67
168
12
24
90
144
82
25
137
28
73
120
79
132
110
167
101
197
177
121
191
39
173
59
131
87
134
68
42
33
51
5
37
23
45
97
1
89
188
88
106
156
189
170
26
32
187
6
13
85
135
21
74
155
63
157
146
2
92
