1110
1052
856
804
627
764
574
532
224
348
9
180
1142
1199
1039
1050
1102
1018
1178
1015
1072
1123
1106
1026
1194
1029
1065
1051
1085
1127
1157
1024
928
844
821
859
919
827
940
875
886
934
822
916
980
842
887
998
838
933
974
912
618
778
610
603
783
638
645
712
793
756
628
666
766
660
774
706
687
635
785
715
511
554
596
471
447
432
406
556
405
488
402
423
478
426
550
481
582
425
416
413
303
242
374
236
310
332
318
377
210
373
319
273
248
270
395
329
382
274
225
271
64
78
137
107
40
61
56
49
105
26
45
116
83
134
178
165
139
101
185
191
1047
1008
1059
1022
1003
1073
1108
1081
1056
1031
1090
1082
1164
1149
1190
1162
1097
1130
1038
1021
1020
1176
1035
1154
1159
1032
1006
1139
1175
1189
1054
1165
1070
1089
1103
1181
1053
1158
1141
1066
1152
1138
1086
1111
1191
1028
1146
1145
1083
1144
1091
1153
1120
1128
1125
1147
1196
1161
1062
1177
1067
1007
1010
1060
1079
1124
1170
1016
1055
1092
1172
1080
1168
1069
1036
1041
1046
1017
1013
1075
1023
1043
1163
1121
1078
1133
1115
1104
1156
1049
1148
1011
1197
1037
1058
1034
1195
1076
1061
1192
1084
1185
1119
1042
1109
1155
1193
1000
1188
1004
1117
1093
1095
1137
1151
1100
1068
1005
1001
1166
1040
1071
1048
1113
1101
1057
1167
1087
1014
1077
1088
1074
1025
1122
1134
1098
1132
1094
1096
1027
1135
1171
1174
1118
1198
1143
1009
1182
1129
1131
1019
1099
1179
1173
1030
1114
1112
1150
1116
1136
1140
1186
1184
1107
1064
1180
1187
1045
1002
1033
1044
1169
1126
1012
1160
1105
1183
1063
841
874
935
811
899
831
819
857
957
930
924
964
975
949
853
893
885
843
870
903
884
895
978
938
900
951
953
889
984
931
942
801
914
954
814
892
891
929
803
818
824
997
995
809
825
896
865
800
955
898
913
920
904
883
937
861
834
847
994
867
882
839
888
989
894
905
921
945
845
808
971
840
805
961
991
977
910
820
901
826
832
985
973
807
802
987
881
962
850
976
812
897
830
979
848
880
992
990
806
943
855
907
852
986
918
866
828
868
860
813
862
941
815
864
876
879
983
926
810
908
873
872
858
890
927
854
970
909
972
950
915
993
846
817
816
932
956
988
863
967
906
877
948
833
952
982
925
917
902
837
958
936
981
946
823
869
871
922
960
836
999
878
959
851
939
849
996
835
829
911
966
965
947
963
969
944
968
923
657
602
736
699
790
621
798
609
652
769
676
721
757
761
641
737
654
625
782
746
707
689
755
702
683
637
631
777
738
651
781
776
724
773
681
615
653
679
611
713
759
675
617
634
789
703
742
658
784
753
718
795
668
674
691
720
744
741
740
619
605
780
700
695
614
629
770
612
663
620
779
723
745
630
749
693
656
623
659
601
672
763
686
690
727
692
613
758
677
655
646
606
670
649
647
671
728
664
633
607
650
787
716
717
791
788
792
661
624
678
797
639
734
767
748
632
775
640
714
730
642
701
696
752
754
626
643
719
698
710
750
771
772
644
725
733
726
688
704
622
694
608
751
705
731
722
729
708
765
739
669
648
747
796
794
665
709
735
600
768
662
682
685
667
732
616
799
673
760
762
604
786
636
711
684
743
680
697
464
453
593
553
412
524
560
526
403
562
456
467
440
506
484
539
486
476
502
501
504
430
508
466
474
590
599
595
572
434
414
531
573
487
472
473
419
490
422
401
551
566
546
578
542
538
439
450
483
514
577
462
459
513
437
493
491
427
441
446
523
527
429
522
480
568
516
580
559
549
544
571
489
495
507
591
407
581
448
482
521
442
529
408
510
535
534
492
424
518
557
463
537
512
461
547
409
520
470
565
533
552
499
411
479
598
528
497
569
555
525
460
400
536
584
576
420
436
455
485
438
588
583
475
500
548
469
509
589
477
404
458
545
561
597
465
503
541
570
498
417
517
558
594
433
468
505
586
592
431
449
579
515
445
452
415
418
519
421
410
540
585
451
563
575
530
564
496
435
457
443
587
454
444
567
543
494
428
296
364
200
203
211
238
383
227
213
334
380
322
360
338
295
305
396
277
370
267
235
249
204
298
340
389
256
229
253
345
228
356
368
258
399
217
347
330
226
237
384
259
294
352
336
272
339
297
233
282
250
245
232
328
284
372
268
269
386
206
288
376
290
223
244
261
214
304
398
299
367
354
397
337
247
264
266
205
349
335
309
355
286
254
366
381
202
358
369
234
283
315
387
251
301
343
221
327
392
346
306
276
252
201
285
363
365
220
293
215
231
240
291
324
262
344
312
257
230
317
342
278
308
333
350
351
323
375
320
219
222
207
359
287
390
281
385
314
289
218
388
321
216
379
292
260
255
316
378
208
307
279
362
394
300
391
212
209
357
265
331
325
353
313
311
302
341
263
280
243
393
371
361
246
241
326
275
239
192
183
166
157
162
30
148
53
89
11
4
102
32
163
38
60
62
121
195
18
161
46
47
1
16
55
90
127
2
91
182
167
80
186
140
119
88
128
164
6
111
67
21
82
34
145
131
19
66
36
0
93
8
92
73
130
194
96
129
142
42
100
108
122
149
189
104
151
187
138
196
65
173
79
147
33
35
110
13
94
23
31
184
77
41
156
175
75
71
5
10
70
124
114
197
158
155
99
109
72
154
87
133
141
152
160
112
28
136
135
132
181
63
198
3
188
68
171
44
179
95
74
97
126
190
20
27
86
98
54
24
43
103
170
106
29
59
17
81
193
153
177
144
37
39
14
125
69
12
113
48
146
118
50
58
174
51
199
169
15
176
22
25
115
168
85
120
57
143
84
117
7
150
123
52
76
159
172
