1170
1159
877
969
795
637
484
431
208
307
134
25
1172
1080
1009
1195
1179
1033
1142
1162
1030
1173
1147
1051
1123
1005
1180
1120
1019
1130
1171
1186
924
986
846
886
961
921
981
881
982
997
965
847
842
909
814
936
839
878
815
926
691
610
614
661
600
747
642
754
759
619
685
634
687
605
684
694
720
601
787
628
513
515
451
545
471
517
449
411
494
535
491
570
415
595
599
525
582
439
462
434
317
345
215
292
373
325
377
269
278
217
255
363
204
335
207
300
257
344
251
205
81
67
84
53
99
94
26
150
83
33
23
100
93
43
179
7
152
141
39
103
1132
1117
1087
1020
1086
1136
1178
1099
1191
1081
1058
1187
1072
1013
1055
1137
1114
1096
1052
1021
1181
1175
1128
1029
1108
1112
1000
1097
1141
1127
1068
1043
1010
1060
1197
1121
1048
1124
1145
1196
1140
1038
1044
1122
1105
1174
1134
1107
1152
1075
1161
1059
1073
1069
1083
1098
1138
1185
1011
1189
1151
1007
1110
1153
1126
1125
1012
1109
1113
1129
1071
1158
1018
1027
1103
1065
1154
1104
1084
1091
1067
1183
1062
1157
1088
1034
1035
1025
1045
1046
1006
1079
1090
1064
1049
1149
1194
1167
1169
1177
1119
1092
1054
1100
1155
1039
1004
1056
1198
1190
1165
1061
1163
1089
1074
1085
1131
1053
1118
1115
1176
1042
1026
1093
1106
1032
1040
1076
1148
1037
1028
1156
1166
1094
1111
1101
1003
1047
1188
1184
1095
1102
1057
1139
1082
1144
1078
1192
1023
1150
1168
1133
1182
1135
1160
1031
1001
1077
1063
1015
1002
1022
1193
1070
1036
1050
1024
1066
1146
1014
1199
1017
1116
1143
1164
1008
1016
1041
952
892
943
837
902
991
947
826
841
977
907
891
958
966
899
852
915
874
906
994
993
854
934
857
954
953
998
900
931
979
949
923
951
879
863
960
939
985
990
984
894
956
848
871
950
942
803
823
925
810
850
802
821
809
920
937
933
974
872
941
963
836
898
901
967
970
928
824
828
805
833
838
914
959
912
866
980
918
999
893
869
989
903
889
916
988
876
870
853
978
825
996
910
944
955
800
864
806
888
811
831
890
875
816
946
855
971
819
822
976
834
957
927
908
859
911
930
913
948
868
895
817
849
804
832
861
983
860
830
905
896
882
922
940
945
813
818
851
862
845
840
938
992
975
887
865
856
962
873
884
883
820
987
835
919
995
843
968
801
932
964
972
973
897
867
827
917
858
935
829
904
880
808
885
807
929
844
812
670
639
738
781
710
756
708
741
624
716
622
640
707
791
793
654
633
700
780
731
659
798
734
630
617
650
626
776
799
643
775
635
732
615
627
644
763
606
770
724
748
663
777
613
683
686
746
602
693
779
752
647
733
608
761
702
725
782
649
704
682
717
621
607
656
767
641
714
681
701
721
632
783
616
690
664
774
719
784
611
737
631
695
671
669
638
689
749
788
727
753
688
645
653
709
674
676
743
772
796
730
655
750
751
660
667
785
760
739
673
718
744
769
658
762
726
666
786
768
662
675
625
697
705
757
766
758
715
679
665
736
735
698
672
680
713
609
646
792
771
723
696
745
618
648
620
677
623
778
722
790
692
629
657
728
603
773
711
668
612
604
712
652
706
703
765
755
636
742
794
729
651
797
678
740
699
764
789
516
512
532
537
400
572
424
404
497
527
438
584
596
558
506
453
536
488
498
421
508
575
456
548
458
437
416
436
441
562
502
521
589
569
591
485
504
597
426
585
576
455
481
592
427
475
432
446
473
409
468
528
460
423
534
401
469
520
586
567
420
467
405
563
540
577
443
523
503
538
507
459
414
457
447
489
529
480
555
402
464
452
472
554
531
543
514
477
522
583
524
479
573
474
556
526
448
412
486
509
433
564
559
470
495
478
413
549
565
541
510
417
440
429
442
560
588
571
499
422
547
490
410
550
461
403
482
593
466
445
552
430
581
551
511
574
553
505
444
580
500
590
496
519
463
408
419
561
483
533
418
594
425
530
407
492
454
493
587
578
598
435
544
579
406
501
450
557
518
487
546
428
568
542
539
566
476
465
355
319
371
221
322
231
247
281
264
395
238
286
342
367
378
316
298
296
315
268
295
383
328
299
346
227
270
223
213
225
348
397
290
210
274
267
320
301
388
206
350
203
282
365
272
389
358
312
323
399
253
266
393
318
362
235
369
392
230
262
321
293
359
308
331
239
396
271
334
275
233
352
398
313
302
200
374
242
391
327
351
337
256
229
353
360
291
280
237
248
382
364
381
305
330
277
329
354
284
394
218
219
285
220
246
216
390
234
240
201
209
370
340
357
211
332
306
279
309
212
314
375
241
326
249
324
224
254
244
379
341
243
265
260
228
356
252
372
258
385
283
343
273
347
368
226
232
250
214
349
259
222
288
333
384
276
287
380
311
366
386
303
387
376
236
361
310
297
261
263
202
338
339
336
289
294
304
245
56
109
146
80
96
167
87
38
16
145
175
37
105
52
70
66
86
185
90
60
12
72
184
54
110
130
50
157
42
177
163
188
117
126
113
85
101
173
98
133
169
174
2
29
59
13
49
194
158
125
102
97
65
171
68
92
104
106
127
71
5
111
57
181
123
28
45
128
137
189
11
170
79
168
3
21
32
73
0
139
78
95
122
75
47
193
149
120
197
30
129
44
155
4
18
138
178
164
154
46
27
198
119
35
161
162
132
64
114
131
116
166
63
183
55
15
74
20
19
196
22
8
58
199
82
121
88
77
41
159
24
136
187
142
36
176
140
17
61
118
135
51
112
160
186
147
192
195
182
89
124
148
62
165
10
91
115
48
190
143
34
14
191
151
144
1
180
76
172
153
6
40
9
69
108
31
156
107
