1099
1028
847
861
649
662
522
485
392
347
9
126
1138
1101
1158
1080
1093
1153
1197
1044
1061
1143
1130
1025
1052
1002
1123
1063
1092
1020
1184
1115
877
988
858
874
981
940
939
920
800
864
880
843
908
978
967
932
947
842
986
825
749
624
657
746
789
609
739
771
701
617
753
692
793
643
736
710
628
663
693
622
529
513
547
400
452
474
428
584
581
463
438
402
491
493
528
475
461
591
469
498
316
336
275
266
235
247
279
238
227
397
214
363
354
361
335
250
371
339
314
302
51
33
193
162
132
74
119
174
166
93
97
168
83
140
10
196
76
187
155
199
1065
1178
1014
1003
1111
1057
1102
1109
1149
1155
1121
1023
1064
1001
1154
1144
1095
1117
1036
1127
1139
1062
1035
1009
1051
1179
1174
1106
1098
1071
1161
1007
1021
1168
1018
1166
1030
1188
1012
1029
1118
1005
1199
1170
1004
1033
1086
1105
1048
1145
1186
1177
1032
1113
1180
1060
1026
1073
1165
1135
1167
1162
1000
1013
1085
1164
1083
1006
1087
1169
1110
1008
1059
1041
1053
1011
1097
1072
1049
1096
1134
1146
1056
1045
1017
1198
1196
1176
1156
1182
1191
1160
1070
1172
1142
1069
1119
1094
1131
1189
1140
1016
1129
1120
1194
1125
1084
1192
1147
1187
1037
1159
1010
1112
1050
1082
1091
1126
1081
1141
1054
1042
1031
1027
1100
1136
1114
1088
1152
1055
1074
1163
1181
1171
1132
1103
1068
1024
1047
1150
1058
1124
1133
1193
1137
1046
1079
1077
1089
1104
1195
1043
1075
1034
1128
1185
1019
1067
1066
1107
1108
1039
1183
1040
1148
1076
1122
1038
1022
1157
1175
1151
1078
1090
1190
1173
1116
1015
866
813
837
912
801
952
863
958
840
918
860
922
954
868
806
960
991
885
989
884
804
851
921
961
902
855
816
818
949
980
951
979
867
812
950
926
888
802
824
821
917
819
911
892
904
875
833
808
965
959
957
974
943
805
814
930
970
936
916
827
923
894
972
927
817
899
929
865
882
999
869
857
836
803
862
834
854
893
848
914
948
809
876
905
871
913
889
849
826
975
934
903
878
953
879
998
997
839
881
890
873
829
910
944
984
990
831
872
886
968
996
900
955
994
832
964
907
915
933
956
992
935
838
859
909
973
977
945
845
895
982
946
995
963
853
983
810
942
987
969
937
822
841
898
985
852
925
928
976
896
919
823
901
844
830
835
850
906
828
846
941
807
931
811
870
891
966
887
820
897
938
815
883
971
993
962
856
924
738
603
769
612
654
714
755
715
608
673
671
742
760
763
607
779
625
768
741
727
672
773
675
623
633
684
791
792
703
655
667
658
656
787
640
615
696
754
781
772
634
670
750
629
764
752
790
748
729
614
659
756
611
766
797
782
690
706
775
723
610
626
631
636
722
788
734
728
604
602
665
630
646
740
737
759
668
744
618
718
720
712
698
620
639
605
647
653
726
735
644
758
641
709
661
645
721
745
694
666
648
786
689
674
669
600
660
651
777
783
627
705
717
642
784
799
637
785
733
774
776
613
677
676
780
616
719
683
767
794
632
601
761
700
757
687
635
796
619
679
778
716
762
606
713
695
699
732
795
652
688
691
765
711
770
731
707
751
664
685
708
638
681
702
686
682
704
680
747
621
650
798
678
724
743
725
730
697
440
504
416
477
480
537
507
494
534
464
530
410
484
411
445
406
548
580
462
575
599
418
488
579
432
458
482
574
523
593
466
479
437
497
588
566
424
558
544
562
453
449
506
554
505
597
471
450
541
531
595
549
567
543
533
518
404
444
551
514
538
539
403
587
435
419
536
594
496
578
407
540
473
414
430
525
521
526
489
577
448
576
569
564
598
447
415
467
510
563
596
495
417
478
409
486
456
557
451
552
503
454
441
527
520
443
590
436
572
442
573
472
420
401
511
550
561
532
413
425
481
586
556
427
583
570
455
412
535
516
546
465
559
431
519
468
457
490
460
568
421
542
565
423
508
422
589
426
434
545
509
582
476
512
592
500
439
492
555
470
560
459
408
585
517
502
524
487
405
571
515
433
499
429
501
483
553
446
310
307
278
383
303
294
385
200
233
271
342
364
298
236
253
231
381
311
340
282
208
202
359
362
324
218
262
251
203
398
384
256
242
376
306
333
360
209
286
259
352
252
343
276
224
270
313
299
399
358
261
391
257
300
254
346
355
331
308
348
301
260
377
249
207
228
379
344
232
274
356
297
268
368
319
374
210
365
329
240
241
289
213
349
382
315
327
206
290
304
225
283
239
258
243
370
330
287
393
380
328
334
201
255
357
229
204
223
219
372
366
394
341
263
369
237
323
216
205
386
281
373
264
320
244
285
325
312
221
389
375
338
248
222
245
215
390
388
318
288
353
345
395
317
322
332
351
284
230
265
367
291
220
305
211
277
295
212
326
337
272
378
267
217
292
387
226
273
280
296
309
234
293
269
350
396
246
321
90
77
145
130
70
73
135
99
131
104
178
102
137
8
75
175
22
13
163
96
152
170
176
3
164
23
180
191
91
41
186
143
71
68
25
151
40
49
153
107
161
38
89
159
26
53
1
144
124
198
101
58
48
139
7
194
14
177
31
169
21
136
167
59
171
146
6
185
127
141
192
94
106
109
87
188
115
11
79
125
116
157
154
138
44
165
103
34
66
82
54
92
50
45
80
179
46
37
69
112
65
120
64
20
47
61
56
160
78
118
28
183
30
147
27
4
98
72
32
148
43
16
85
158
100
36
17
133
39
150
60
67
134
117
149
190
18
189
197
86
35
172
62
12
113
5
15
24
123
111
108
55
19
184
182
173
95
57
110
84
42
128
122
121
114
63
81
181
29
129
105
195
142
0
156
2
52
88
