1094
1121
934
836
711
620
559
439
255
309
54
73
1057
1116
1136
1078
1195
1129
1010
1054
1102
1022
1063
1086
1009
1011
1095
1123
1088
1061
1107
1015
834
848
877
973
849
905
926
953
803
885
884
966
887
952
829
915
894
961
942
897
673
622
727
783
629
737
666
653
788
698
668
611
771
729
770
648
733
671
624
684
508
552
544
479
526
436
497
539
449
413
419
498
450
462
510
470
402
522
405
465
220
248
334
376
356
200
327
210
350
208
237
384
297
357
263
332
294
223
379
373
13
129
176
103
52
179
42
49
185
50
170
22
15
196
106
159
164
87
26
104
1153
1122
1051
1019
1064
1059
1026
1165
1144
1042
1072
1171
1180
1186
1137
1159
1004
1179
1058
1047
1105
1118
1045
1167
1169
1079
1032
1161
1138
1199
1070
1027
1081
1053
1003
1000
1155
1071
1021
1125
1096
1139
1016
1187
1114
1142
1033
1147
1012
1152
1188
1030
1084
1181
1100
1008
1023
1024
1002
1196
1065
1087
1133
1068
1028
1109
1148
1090
1103
1069
1056
1013
1124
1160
1166
1110
1127
1040
1104
1119
1076
1093
1141
1192
1158
1062
1197
1014
1134
1168
1036
1170
1198
1178
1164
1193
1041
1043
1117
1150
1066
1140
1194
1001
1172
1156
1060
1082
1115
1157
1162
1151
1089
1177
1073
1052
1106
1173
1163
1039
1050
1085
1183
1108
1031
1075
1048
1154
1018
1044
1128
1174
1067
1113
1020
1185
1190
1101
1005
1025
1130
1176
1184
1091
1038
1191
1149
1111
1182
1092
1077
1035
1017
1083
1097
1074
1080
1007
1143
1189
1006
1099
1146
1135
1049
1132
1145
1029
1098
1034
1037
1055
1175
1120
1112
1046
1131
1126
881
843
824
874
808
940
999
954
865
845
896
889
956
806
831
813
980
832
902
996
908
823
963
959
919
879
944
998
910
820
924
964
833
978
850
866
972
863
855
931
871
903
822
977
950
846
939
968
922
815
867
883
976
974
890
936
872
857
987
842
904
899
893
918
880
869
994
888
951
859
912
901
937
933
862
975
979
875
816
982
870
802
945
943
804
825
957
898
812
997
935
965
892
860
835
913
830
814
928
914
858
955
828
947
927
983
800
818
811
971
878
923
958
807
886
948
839
930
838
907
801
946
864
960
916
826
873
891
920
809
856
854
840
851
929
925
989
882
810
847
932
868
991
817
981
969
992
917
990
970
827
819
995
841
938
895
993
941
909
921
852
861
986
988
876
844
967
821
805
906
837
962
911
984
900
949
985
853
697
692
645
617
787
621
773
696
707
675
661
739
785
753
614
655
642
794
755
650
626
714
708
709
618
667
792
706
657
779
725
635
641
715
610
776
682
704
751
659
639
795
672
613
782
664
662
630
786
778
651
690
752
745
731
741
638
743
637
748
761
728
654
710
700
687
790
678
652
693
699
683
656
605
713
608
658
632
774
793
721
717
769
612
691
631
738
749
705
677
765
619
660
726
616
754
736
679
702
763
633
732
625
746
767
602
623
789
686
777
644
670
663
722
744
791
766
758
674
676
756
636
712
606
747
734
784
750
780
665
797
718
601
720
615
694
669
634
740
730
607
775
701
647
781
685
680
627
723
799
759
760
643
735
798
628
681
757
796
703
649
688
762
742
603
600
646
724
768
604
609
772
689
764
716
695
640
719
456
582
475
474
406
507
410
490
407
551
441
595
535
556
477
404
578
547
478
542
558
531
577
438
489
445
418
597
414
435
529
415
513
592
412
499
426
453
467
481
431
496
576
424
575
590
589
579
560
584
428
554
460
444
447
505
515
587
514
416
485
523
593
433
504
594
458
565
493
543
540
483
516
421
425
564
434
472
541
583
411
572
538
561
586
492
580
519
571
524
533
403
443
528
537
532
417
430
488
569
549
459
520
484
534
455
563
509
598
599
469
423
500
440
566
562
557
591
471
448
546
548
401
567
461
574
476
494
420
570
530
400
454
527
427
464
568
480
581
463
473
573
596
506
555
545
452
501
525
486
517
503
482
512
588
429
518
553
457
422
442
409
502
536
487
521
585
511
451
491
408
550
468
495
466
437
432
446
205
231
335
221
382
366
359
374
280
394
275
279
209
322
267
340
342
266
268
233
351
392
352
363
323
260
362
211
346
318
339
222
330
232
212
325
287
370
341
216
256
258
307
377
291
243
224
203
308
343
261
380
329
257
317
324
250
314
202
246
295
278
286
348
383
238
381
369
271
269
276
259
219
319
364
236
372
302
215
228
300
290
395
218
355
262
304
326
283
385
344
305
247
336
249
229
368
289
234
284
345
320
313
241
273
337
206
378
398
393
386
244
226
311
333
391
389
298
367
214
264
213
306
245
240
207
371
252
361
281
349
225
375
204
399
388
227
292
390
282
235
358
338
265
272
328
274
354
301
277
217
239
270
310
353
253
303
396
251
285
293
387
397
254
312
321
288
365
242
347
296
230
201
360
315
316
331
299
60
29
12
130
43
23
25
36
94
112
33
113
146
153
192
190
145
180
188
19
6
2
93
162
155
165
175
85
122
37
117
177
28
55
5
132
144
89
138
139
51
125
58
127
91
149
80
121
72
135
161
78
84
97
191
171
118
32
124
61
96
99
77
74
98
100
152
95
178
156
14
120
1
107
160
181
114
3
53
193
70
0
141
9
56
140
173
142
47
186
35
20
81
116
194
172
197
34
184
166
136
39
30
88
66
8
167
83
27
150
148
105
10
154
64
108
18
24
158
147
48
82
65
133
79
134
169
86
101
137
157
163
90
41
182
59
110
44
187
67
11
174
63
131
75
115
102
45
183
62
126
16
7
4
189
57
40
151
17
68
69
199
92
71
38
198
111
76
195
46
128
119
109
31
21
143
123
168
