1063
1053
901
927
612
610
577
450
288
223
0
98
1095
1060
1172
1108
1086
1093
1156
1013
1066
1006
1030
1168
1077
1163
1128
1035
1041
1056
1090
1019
989
823
924
975
885
999
944
887
908
859
978
904
858
917
838
963
875
969
916
832
648
676
657
629
649
769
765
644
761
713
668
638
781
720
696
642
717
677
731
635
404
497
514
459
540
494
483
544
427
527
457
507
562
400
428
534
512
520
578
499
385
216
276
392
219
236
316
279
347
313
201
237
290
220
386
330
205
221
258
391
48
113
5
171
9
108
121
122
31
143
68
49
40
53
73
192
123
175
170
148
1183
1196
1091
1027
1097
1106
1149
1039
1033
1037
1010
1161
1127
1130
1040
1062
1059
1084
1177
1142
1125
1155
1074
1173
1058
1113
1017
1052
1137
1115
1119
1102
1158
1008
1141
1116
1096
1132
1020
1154
1145
1152
1112
1143
1025
1179
1068
1071
1150
1147
1185
1171
1029
1072
1134
1021
1189
1126
1144
1043
1107
1083
1054
1157
1028
1111
1044
1085
1135
1018
1101
1164
1180
1175
1117
1092
1139
1103
1151
1051
1067
1080
1122
1140
1192
1162
1003
1098
1012
1089
1046
1026
1148
1064
1023
1104
1166
1121
1120
1065
1199
1182
1131
1034
1075
1178
1042
1100
1047
1022
1048
1176
1191
1004
1190
1031
1087
1002
1165
1198
1174
1181
1000
1024
1032
1160
1088
1057
1153
1193
1188
1114
1170
1169
1146
1055
1078
1069
1049
1099
1070
1094
1016
1138
1001
1197
1123
1186
1036
1014
1061
1136
1105
1133
1045
1076
1109
1167
1082
1050
1015
1159
1007
1073
1124
1005
1011
1129
1184
1079
1110
1195
1187
1194
1081
1038
1009
1118
918
857
822
810
843
809
876
886
862
868
929
818
869
840
870
850
817
913
990
998
907
834
902
951
973
988
942
815
889
865
866
819
946
881
906
867
914
960
923
849
955
860
864
878
803
848
891
915
925
982
934
962
926
939
896
831
806
851
811
958
842
812
947
992
899
879
814
828
800
967
894
826
945
821
920
940
835
882
991
801
950
912
956
911
872
905
895
856
993
980
852
808
972
804
977
952
928
825
855
839
903
805
996
959
830
836
968
954
987
930
971
824
890
845
897
981
854
931
937
983
909
985
871
994
979
833
936
964
893
966
910
861
853
995
948
847
813
984
892
941
827
976
943
986
965
957
953
874
877
837
900
873
841
807
949
829
863
919
820
880
884
816
883
933
970
922
802
888
997
974
898
961
935
846
938
921
932
844
799
706
754
697
662
729
726
602
707
730
619
741
656
744
709
776
601
673
627
689
763
639
702
600
613
645
760
678
743
737
626
789
710
615
724
777
666
640
692
782
647
738
723
736
732
727
618
748
667
654
603
746
634
633
703
771
712
646
682
774
609
701
695
747
625
795
628
680
759
679
796
792
684
630
651
688
604
641
734
698
773
794
643
674
708
767
750
622
659
671
686
755
788
749
756
664
714
607
691
718
608
661
694
632
775
650
757
715
725
669
739
611
786
665
624
621
637
742
616
658
687
690
787
758
753
752
681
783
784
798
605
751
779
699
660
693
614
670
704
790
762
785
606
655
711
623
617
719
797
716
653
675
780
652
778
735
672
791
770
766
636
683
721
700
740
722
793
705
620
764
745
663
685
772
631
728
733
768
599
464
554
470
541
598
452
519
417
498
465
547
433
571
594
477
524
596
556
553
429
496
531
529
455
424
576
479
574
495
528
548
468
552
436
492
444
549
460
416
469
480
454
523
545
431
419
550
525
414
564
407
537
560
551
589
580
440
535
439
570
478
515
573
489
403
516
513
532
438
430
508
474
582
587
505
435
569
422
566
467
473
490
585
475
458
559
441
501
453
463
565
434
443
522
461
402
502
462
592
405
413
597
568
586
471
584
412
449
572
536
518
511
526
487
445
466
456
482
485
539
418
542
442
451
446
437
406
500
588
432
410
486
579
408
415
426
561
543
590
563
472
425
448
555
488
575
484
538
557
567
491
401
503
481
517
533
581
509
521
510
411
583
593
423
420
447
506
546
591
493
504
558
409
421
595
476
530
340
282
269
222
335
228
302
333
217
245
387
278
295
363
203
211
202
322
231
226
353
377
327
300
397
268
225
242
349
285
249
264
336
241
218
364
253
304
332
374
366
326
259
341
393
261
352
388
315
243
318
289
311
298
207
371
277
346
345
257
323
234
232
212
379
209
348
303
262
244
376
331
389
291
375
246
399
329
350
356
286
229
308
235
319
325
240
398
380
214
280
365
339
255
233
208
263
334
383
270
381
299
368
306
296
274
283
395
281
215
287
284
367
320
324
272
251
358
227
252
396
370
297
273
256
239
305
373
247
390
372
357
360
293
314
378
328
343
351
230
344
248
362
354
338
307
361
213
224
317
337
275
342
238
310
309
266
384
267
394
254
210
355
292
382
200
206
359
204
312
301
294
250
271
260
321
369
265
138
174
152
64
189
60
153
116
134
70
157
4
23
83
17
160
185
180
26
54
41
118
28
125
156
94
190
46
67
100
91
132
137
79
2
88
33
66
133
169
199
141
198
145
149
186
93
179
39
38
142
166
56
72
92
150
181
86
130
184
69
193
59
85
147
15
22
183
110
109
76
101
104
80
27
126
105
135
43
89
196
24
172
97
32
10
173
163
34
140
194
25
81
136
84
35
71
74
75
144
36
90
57
21
178
177
102
119
58
47
124
129
99
52
107
112
191
128
164
188
7
6
197
195
139
13
12
120
3
82
159
162
18
37
42
154
51
78
19
63
96
176
127
50
182
111
146
167
117
44
77
62
14
1
16
61
115
165
187
95
161
151
30
103
65
168
87
114
158
11
155
45
131
106
20
55
29
8
