1164
1012
926
935
617
720
409
517
260
341
121
115
1111
1120
1179
1161
1126
1163
1149
1078
1196
1151
1062
1057
1055
1123
1053
1025
1124
1127
1044
1000
975
887
901
804
932
833
922
899
866
819
955
821
824
900
860
971
868
822
837
972
747
776
659
715
660
624
604
657
774
782
697
702
601
611
714
725
778
752
633
799
527
476
518
521
547
595
549
479
546
459
577
554
434
487
472
417
522
538
485
492
263
293
244
319
278
203
219
261
311
301
285
374
250
378
384
379
233
234
333
339
164
60
69
23
84
174
73
76
90
130
80
112
71
85
20
5
19
117
75
106
1028
1117
1197
1168
1137
1097
1109
1141
1090
1070
1184
1110
1049
1136
1167
1132
1116
1022
1002
1077
1182
1158
1072
1017
1088
1144
1140
1021
1079
1084
1080
1051
1162
1192
1073
1048
1104
1027
1170
1153
1041
1020
1050
1016
1033
1056
1134
1147
1006
1189
1091
1060
1071
1040
1076
1098
1166
1150
1138
1186
1122
1100
1112
1029
1102
1114
1066
1160
1052
1148
1064
1075
1146
1199
1173
1054
1129
1135
1037
1063
1113
1003
1009
1082
1128
1181
1174
1194
1125
1105
1030
1106
1065
1121
1010
1069
1133
1031
1191
1108
1058
1083
1154
1107
1119
1185
1036
1190
1155
1172
1092
1015
1089
1043
1176
1180
1035
1059
1131
1145
1014
1061
1039
1011
1193
1004
1175
1142
1198
1023
1068
1024
1045
1103
1195
1032
1152
1019
1171
1047
1130
1042
1143
1094
1177
1081
1085
1038
1007
1139
1013
1074
1178
1101
1087
1086
1169
1096
1001
1026
1156
1099
1187
1183
1165
1067
1018
1157
1005
1118
1046
1159
1188
1115
1095
1034
1008
1093
939
953
826
863
983
862
958
882
847
814
962
843
870
909
951
970
897
893
908
936
949
911
889
836
991
859
875
898
989
919
959
802
910
988
807
963
857
874
855
858
995
965
903
840
894
938
994
871
921
947
956
856
850
948
890
883
925
960
896
803
817
928
809
834
835
914
961
964
861
996
881
846
985
979
820
992
905
999
934
867
854
978
927
976
827
942
845
888
940
806
990
849
839
828
869
933
892
952
832
974
977
815
877
801
880
829
984
811
873
904
813
891
917
879
848
907
818
924
941
895
937
980
851
906
923
831
852
876
915
853
812
872
986
841
912
800
943
913
842
968
982
969
998
844
929
973
805
810
916
944
945
838
954
946
884
950
967
930
886
823
825
981
808
997
957
885
931
902
816
966
993
864
878
987
918
830
865
920
755
662
736
615
621
749
723
694
772
602
609
786
744
785
643
710
753
623
665
683
673
781
686
670
666
730
798
676
784
630
622
791
651
668
661
688
722
762
717
636
664
637
698
656
757
756
779
689
632
727
675
619
775
695
754
739
627
629
703
704
792
625
687
706
740
770
724
745
718
793
634
743
728
681
650
701
735
618
692
732
606
780
655
641
741
763
769
638
748
796
790
608
738
719
746
707
789
709
610
628
646
640
644
663
600
742
767
614
671
691
761
758
652
733
773
679
603
678
713
759
712
750
649
607
788
705
616
795
677
693
760
783
626
620
653
680
684
605
771
777
751
797
672
635
766
716
647
648
642
612
765
645
764
667
669
794
726
729
768
685
787
700
654
613
734
690
711
731
696
699
674
658
721
639
708
631
737
682
544
402
468
590
582
594
450
412
474
533
573
501
464
504
560
562
421
414
430
507
403
456
463
439
530
553
542
528
495
475
431
433
588
564
496
488
587
570
424
489
550
460
438
566
535
457
574
565
448
442
511
540
454
465
420
481
512
510
585
486
583
500
419
569
545
408
491
563
405
443
480
499
435
592
432
575
523
519
477
470
453
579
462
490
548
437
426
469
556
503
551
473
597
411
536
446
483
584
552
516
571
534
576
440
591
531
498
422
471
557
599
497
493
445
505
461
425
416
515
455
561
410
520
427
543
466
478
508
423
568
418
467
593
526
428
415
581
558
502
447
458
567
525
401
404
537
429
484
452
555
451
441
494
514
524
400
449
580
482
578
529
539
572
513
586
598
541
407
559
436
444
406
506
413
532
596
509
589
265
205
314
359
229
296
352
279
305
211
349
307
367
298
390
286
254
315
377
386
317
266
289
353
328
316
299
251
395
217
370
213
335
393
237
201
347
387
270
369
313
351
202
312
220
388
355
363
399
357
295
239
300
248
329
230
322
303
334
283
206
327
304
345
340
212
394
268
336
326
323
343
255
226
200
344
361
310
309
375
392
385
364
240
232
287
354
391
324
325
308
362
243
269
373
372
368
288
208
274
224
247
272
320
241
209
276
222
218
282
284
356
338
321
221
257
267
280
302
216
346
207
273
259
262
382
214
306
215
291
371
342
225
281
245
290
275
294
210
330
332
396
253
365
258
249
204
398
380
231
246
350
292
318
227
223
376
252
264
381
397
297
271
238
235
348
337
383
389
360
242
358
366
256
228
277
236
331
169
185
122
63
151
50
183
126
197
93
105
42
64
171
91
128
181
79
68
191
56
102
131
67
22
96
139
89
16
48
148
118
187
150
110
144
170
31
70
137
11
135
184
98
182
146
142
108
155
83
40
45
97
100
149
138
199
57
140
165
195
18
114
119
180
66
87
193
178
160
8
157
58
176
51
43
125
141
132
44
113
15
127
107
123
36
154
190
81
153
72
9
49
120
95
61
21
59
133
41
196
88
192
33
47
189
0
179
99
145
30
10
92
161
136
35
143
103
177
152
163
53
46
159
156
167
7
26
3
54
82
1
12
101
2
116
32
147
27
65
55
14
28
172
124
52
158
24
134
4
29
78
111
94
37
74
6
175
38
62
186
77
166
168
13
194
173
86
109
162
34
104
17
39
129
25
188
198
