1077
1025
936
929
607
723
404
542
238
366
41
117
1008
1009
1114
1110
1170
1171
1068
1193
1090
1153
1030
1124
1190
1031
1012
1112
1006
1159
1183
1094
887
927
898
837
824
910
854
872
908
943
805
921
882
810
940
855
804
857
881
897
665
638
719
730
669
717
688
618
744
716
707
785
721
701
622
661
601
697
619
641
480
532
446
504
562
513
461
558
484
581
527
459
476
555
540
460
587
593
486
416
216
314
233
222
351
279
263
306
310
240
207
349
344
398
225
303
397
396
312
247
71
13
53
34
49
5
134
129
76
68
115
125
163
86
159
81
107
178
157
4
1069
1166
1083
1020
1100
1060
1004
1013
1198
1169
1073
1164
1129
1022
1165
1011
1126
1179
1039
1050
1071
1152
1021
1024
1080
1019
1041
1066
1101
1084
1131
1061
1142
1111
1007
1145
1056
1113
1002
1119
1028
1053
1001
1158
1042
1194
1121
1034
1132
1151
1137
1072
1088
1134
1186
1063
1023
1052
1081
1196
1185
1147
1082
1125
1038
1115
1130
1089
1059
1044
1135
1104
1087
1085
1067
1033
1086
1118
1095
1139
1018
1180
1177
1150
1029
1026
1144
1043
1123
1107
1000
1141
1096
1076
1182
1035
1065
1049
1047
1195
1117
1143
1036
1097
1010
1140
1045
1055
1051
1109
1188
1197
1138
1070
1058
1105
1187
1037
1161
1189
1054
1176
1163
1174
1106
1057
1160
1184
1040
1133
1154
1102
1120
1168
1178
1116
1172
1108
1017
1103
1075
1078
1091
1191
1092
1014
1192
1146
1199
1016
1005
1079
1122
1175
1162
1003
1027
1155
1156
1062
1173
1098
1099
1046
1074
1032
1048
1181
1015
1093
1148
1128
1136
1167
1064
1157
1127
1149
802
963
966
831
996
920
949
827
821
951
886
853
801
822
903
835
905
945
960
890
807
917
930
901
873
860
904
880
957
955
838
833
868
841
811
985
806
874
832
876
829
865
965
968
988
931
948
926
992
972
954
969
913
947
952
879
849
870
844
834
836
982
825
867
934
885
994
978
967
862
840
971
939
937
953
842
977
878
946
922
919
895
964
820
815
925
858
847
891
986
958
814
979
851
845
914
877
970
883
918
889
839
995
907
871
999
816
850
984
990
998
974
888
826
993
828
902
944
817
864
956
942
983
892
869
852
938
911
935
818
856
961
981
830
875
941
997
843
991
932
928
933
975
846
896
924
916
893
848
909
906
976
973
803
859
861
800
808
962
813
819
987
912
894
809
899
989
950
980
923
900
959
863
812
884
823
915
866
780
762
635
739
632
648
725
796
699
655
711
612
783
630
734
605
776
736
698
646
727
685
678
772
755
626
621
761
799
617
715
615
700
731
787
660
733
759
710
602
672
606
666
786
766
738
627
763
720
614
775
794
636
609
718
793
645
737
611
658
790
770
608
663
650
750
682
784
629
779
696
639
686
623
620
616
659
769
670
690
774
613
647
765
789
756
749
797
745
703
637
791
683
722
624
757
735
728
610
640
771
732
694
746
726
671
634
709
768
764
753
684
649
687
754
693
706
668
631
652
778
748
747
758
714
702
625
604
667
773
603
788
664
777
740
673
729
792
782
795
752
642
689
724
651
741
713
680
760
600
644
704
643
662
781
656
692
654
677
633
674
743
657
691
695
679
798
742
675
628
708
676
712
705
653
681
767
751
550
495
569
525
553
599
575
533
400
458
514
447
470
467
567
523
474
582
548
444
424
568
411
493
518
531
547
441
520
428
509
584
596
405
501
516
475
502
427
487
431
403
528
590
442
543
530
433
478
413
430
559
556
472
508
410
494
552
595
517
488
406
425
524
576
422
560
439
448
426
443
417
515
437
499
466
579
598
479
462
554
409
492
471
482
453
503
574
498
563
432
573
435
481
589
414
546
565
465
511
510
412
536
408
407
452
566
402
551
450
429
572
423
496
592
545
570
421
455
541
583
526
445
506
534
580
418
436
485
588
497
539
535
519
529
578
505
538
490
489
594
564
549
415
544
419
420
561
473
464
468
507
463
521
401
491
586
577
500
557
597
451
457
571
591
512
469
537
522
438
449
456
434
483
454
440
477
585
348
274
323
357
335
375
267
273
283
226
379
217
382
399
218
224
359
213
230
236
394
261
290
387
365
346
242
327
376
389
277
266
295
237
221
308
251
299
262
371
318
232
289
301
200
331
330
352
377
345
280
336
243
231
388
354
256
381
383
369
259
302
339
239
305
204
281
350
223
311
260
343
275
278
234
386
315
250
363
370
328
219
334
201
342
291
316
338
245
286
353
220
320
276
297
393
288
227
341
372
212
296
285
367
360
368
270
395
287
215
361
292
321
326
322
202
229
246
347
300
317
272
325
392
206
380
248
340
284
293
391
203
282
205
244
333
252
253
208
358
337
384
264
241
362
364
294
255
374
269
356
390
373
307
210
385
298
257
211
319
228
324
265
378
271
249
332
355
309
214
235
313
258
304
268
329
209
254
176
78
28
0
102
140
137
120
29
101
119
12
127
7
114
8
182
79
91
166
156
24
112
64
75
186
9
55
96
106
3
45
136
121
151
142
22
199
16
39
19
105
169
164
104
179
150
138
99
1
191
38
160
27
198
67
170
155
82
143
17
154
61
66
48
116
72
123
21
30
162
144
43
87
193
195
118
139
161
20
88
32
44
152
37
15
90
52
128
89
122
113
94
108
98
111
148
33
62
50
10
40
146
132
65
2
147
180
181
46
135
173
183
56
77
149
110
23
190
167
59
57
97
73
85
109
18
36
35
172
126
153
103
171
42
168
177
14
145
69
70
58
188
6
11
165
47
141
130
158
196
63
84
124
192
74
92
133
131
26
189
80
31
60
25
54
175
185
184
194
187
93
174
197
100
83
51
95
