1096
1069
937
874
653
604
427
509
351
241
54
173
1008
1163
1109
1139
1162
1026
1052
1189
1065
1072
1070
1104
1125
1017
1094
1043
1015
1130
1176
1181
888
880
893
915
825
975
885
907
906
941
836
946
955
849
879
863
895
912
837
981
750
659
648
792
741
782
714
729
641
742
708
706
680
671
632
625
719
778
764
692
555
554
405
414
591
430
465
567
458
449
574
455
411
581
404
466
482
548
402
445
313
222
221
301
363
390
334
375
206
372
348
245
213
259
246
224
220
235
344
395
16
30
23
29
98
132
141
136
149
125
154
142
42
22
80
124
182
51
47
123
1016
1151
1142
1180
1047
1095
1149
1182
1183
1068
1045
1168
1073
1027
1042
1036
1121
1185
1127
1055
1141
1156
1007
1099
1088
1114
1087
1117
1035
1105
1083
1106
1040
1135
1048
1187
1107
1004
1063
1075
1081
1165
1078
1150
1110
1116
1137
1029
1138
1169
1147
1053
1058
1028
1193
1167
1013
1022
1128
1006
1157
1113
1060
1154
1186
1196
1041
1192
1031
1170
1089
1160
1024
1158
1046
1194
1005
1062
1090
1155
1051
1153
1002
1112
1131
1080
1120
1133
1178
1143
1190
1061
1019
1188
1136
1146
1140
1174
1101
1032
1049
1102
1033
1195
1197
1000
1018
1134
1123
1038
1198
1118
1111
1044
1132
1103
1184
1067
1092
1003
1009
1122
1164
1011
1037
1119
1014
1021
1129
1097
1085
1179
1066
1034
1025
1086
1173
1126
1093
1079
1191
1177
1077
1124
1054
1144
1012
1056
1100
1023
1166
1108
1159
1161
1001
1115
1050
1039
1071
1010
1064
1145
1030
1098
1059
1148
1199
1084
1057
1076
1091
1171
1020
1175
1172
1152
1082
1074
815
847
852
929
995
871
898
999
964
917
908
800
902
811
934
980
843
962
931
939
846
867
947
834
814
987
855
823
953
919
897
801
940
910
859
805
889
894
830
883
828
921
909
841
886
943
938
961
966
856
926
986
991
932
920
958
945
884
839
959
911
899
952
948
812
968
838
818
813
832
840
988
892
979
890
816
806
866
875
918
891
808
851
942
807
949
854
887
869
989
804
993
992
809
903
998
873
916
954
905
877
994
862
971
965
845
901
820
914
864
860
822
803
928
972
835
881
950
817
821
996
861
865
913
970
957
850
857
848
930
831
997
810
824
904
969
984
842
974
951
868
990
827
967
882
922
925
870
802
872
819
944
936
985
844
853
829
927
933
935
973
900
978
956
982
960
983
976
963
878
977
876
896
923
924
833
858
826
732
607
662
786
761
684
754
775
793
701
620
733
766
681
790
731
727
630
760
600
613
649
704
656
769
682
672
798
789
610
770
796
746
650
670
601
773
652
657
687
745
698
661
669
633
626
738
734
736
700
663
677
691
747
724
667
616
755
612
689
643
617
639
702
767
619
637
783
631
602
794
753
696
713
725
615
699
608
762
772
711
765
758
647
723
611
737
712
756
623
740
673
774
651
751
697
695
679
716
718
675
721
618
606
664
636
693
676
707
728
744
791
635
785
694
658
757
685
749
717
634
666
614
705
710
624
665
674
763
788
797
703
799
781
603
735
683
748
768
654
628
715
780
644
709
730
743
752
686
739
638
688
609
776
777
779
605
646
642
720
655
690
621
668
640
787
629
784
627
645
722
726
759
771
622
660
678
795
529
496
479
514
565
426
504
467
493
438
508
478
461
443
512
552
457
459
546
521
575
588
553
421
480
433
538
413
454
448
525
428
527
595
477
563
578
472
470
474
560
462
558
416
485
419
501
437
444
434
487
577
429
532
566
473
498
590
533
439
515
440
519
410
584
557
556
499
571
545
551
406
491
568
432
464
483
523
594
422
544
537
489
503
452
540
580
513
599
481
460
446
547
401
522
598
534
528
505
517
530
400
494
453
510
593
507
561
543
423
502
520
415
497
582
569
450
585
592
597
451
516
524
468
500
436
490
589
559
441
596
447
425
562
535
408
412
583
409
471
531
506
518
549
476
463
495
572
579
420
475
576
587
541
511
488
570
536
564
486
539
431
492
403
469
550
542
407
417
442
586
435
424
418
526
484
456
573
208
352
240
365
225
242
324
265
297
261
291
393
385
391
346
283
396
232
279
267
229
339
237
374
310
377
277
249
234
394
300
382
342
332
368
274
216
340
212
233
276
205
281
271
316
347
317
239
367
362
387
330
350
359
364
323
329
369
270
392
380
260
309
290
370
228
307
373
376
262
288
320
322
273
398
275
244
219
314
349
341
304
381
299
336
252
325
296
293
326
210
264
383
389
207
247
306
357
354
254
356
284
295
315
236
331
298
328
214
386
215
361
318
355
303
266
243
253
248
282
302
311
321
378
308
285
268
345
343
333
203
223
384
319
358
399
258
231
327
200
360
201
278
204
312
287
379
289
337
292
217
305
269
335
286
227
226
294
250
353
218
202
371
397
338
272
251
255
388
280
263
230
238
366
257
209
256
211
159
100
152
9
174
2
144
79
7
190
107
106
1
91
145
176
166
13
0
114
25
119
139
18
115
85
147
75
175
6
61
92
34
184
163
165
99
117
88
109
67
113
55
96
68
170
33
122
28
65
155
164
172
127
81
21
156
133
60
74
178
150
129
5
138
62
135
183
192
32
103
148
140
151
20
169
8
87
49
197
110
40
45
14
84
104
15
43
196
160
97
37
105
10
24
131
44
111
112
71
70
41
101
53
108
66
4
11
82
188
64
134
50
116
69
121
57
153
35
146
19
187
102
83
162
180
73
46
12
195
26
157
48
191
158
161
186
39
128
194
137
38
143
168
189
181
58
177
171
59
52
17
167
31
120
27
94
126
93
193
36
185
3
78
89
77
90
76
130
72
95
198
56
179
63
86
199
118
