1195
1041
909
946
659
636
528
543
203
330
32
25
1187
1135
1180
1022
1105
1011
1082
1003
1000
1065
1158
1097
1035
1170
1005
1016
1032
1197
1069
1073
815
832
889
824
994
907
982
925
854
850
877
917
890
879
865
923
929
827
977
935
675
666
693
724
671
673
754
632
635
661
776
795
604
744
660
767
654
734
637
621
422
586
535
517
460
466
596
582
480
537
436
578
516
509
403
479
486
599
573
433
269
390
221
354
334
317
363
295
214
215
250
296
223
298
244
224
266
254
218
276
46
101
85
52
48
184
41
114
140
158
187
64
149
179
99
195
92
80
3
106
1088
1074
1010
1152
1052
1063
1141
1161
1192
1085
1132
1120
1162
1184
1134
1018
1061
1075
1092
1126
1009
1072
1136
1102
1167
1123
1172
1006
1194
1189
1079
1176
1007
1044
1055
1164
1115
1139
1020
1031
1190
1131
1185
1019
1117
1062
1107
1096
1047
1142
1121
1068
1138
1095
1191
1042
1103
1165
1091
1171
1118
1048
1028
1024
1159
1104
1128
1046
1076
1198
1014
1183
1043
1179
1023
1178
1133
1066
1186
1067
1027
1147
1039
1012
1140
1017
1149
1033
1034
1054
1122
1199
1093
1045
1098
1109
1106
1086
1153
1080
1155
1087
1099
1177
1078
1116
1193
1038
1112
1083
1156
1169
1057
1084
1060
1182
1090
1154
1013
1050
1058
1110
1051
1030
1036
1049
1111
1026
1037
1001
1129
1002
1188
1137
1029
1021
1108
1064
1101
1181
1146
1008
1040
1081
1114
1157
1160
1148
1144
1113
1119
1077
1175
1094
1130
1070
1015
1151
1145
1089
1173
1004
1125
1100
1124
1174
1168
1056
1166
1127
1071
1143
1150
1059
1163
1196
1053
1025
844
905
973
954
919
810
860
990
995
944
833
998
838
816
803
896
983
965
874
988
974
989
939
970
871
962
975
900
800
842
819
837
855
899
898
841
893
964
918
955
884
872
870
952
967
892
828
930
861
830
936
959
922
911
821
912
878
882
901
859
849
851
984
908
932
863
886
868
881
986
864
968
876
937
869
951
978
811
873
948
981
802
845
950
820
831
931
976
809
829
915
805
817
941
987
928
920
949
969
897
966
839
979
992
806
963
910
904
999
958
895
926
906
938
980
848
924
914
866
957
880
913
867
887
826
972
858
943
834
916
853
846
823
836
945
812
996
883
927
818
991
942
933
953
843
985
813
822
902
875
801
891
856
934
961
847
807
940
835
888
857
921
862
825
960
814
956
947
903
885
808
993
804
852
971
840
997
894
667
656
668
691
713
758
647
768
773
677
759
676
745
721
701
740
733
760
610
645
620
757
619
665
790
781
753
710
623
780
686
639
730
775
789
771
732
747
722
706
742
739
643
653
695
793
704
644
681
785
634
611
608
664
657
752
700
717
794
633
662
638
762
618
743
714
726
755
709
707
616
796
641
778
702
720
663
784
606
766
731
705
625
602
613
649
736
779
669
788
626
748
761
670
735
612
683
607
678
799
711
797
729
624
648
792
642
646
614
605
687
603
631
769
715
749
765
728
750
698
628
685
655
772
622
727
652
764
770
609
679
689
741
703
690
774
719
787
651
617
674
640
751
716
650
688
658
777
680
696
763
615
630
672
692
697
682
738
723
737
783
601
746
782
756
600
798
712
786
694
627
718
629
699
684
708
791
725
452
595
448
411
518
437
485
576
559
527
577
534
402
420
560
570
464
510
566
522
482
585
532
490
503
476
404
465
565
515
439
435
483
568
513
530
533
456
471
450
493
572
539
597
496
564
417
469
438
507
473
412
446
445
563
536
463
431
554
561
592
594
421
542
544
506
598
419
494
575
423
442
555
475
492
461
569
526
468
451
550
467
458
487
454
551
429
405
587
498
540
427
580
434
497
406
408
501
520
413
567
546
424
523
500
511
549
457
478
472
401
556
547
416
529
558
519
593
415
418
449
414
432
538
521
441
531
440
581
545
477
410
590
502
588
505
425
444
409
553
584
504
579
428
524
499
514
571
453
512
400
426
583
407
430
459
481
474
489
443
508
591
541
462
455
589
484
488
548
447
557
552
562
470
491
574
495
525
328
369
389
332
290
235
272
395
326
249
368
384
236
358
309
212
264
217
278
355
398
226
379
388
222
216
291
385
353
237
351
277
263
260
371
242
344
356
297
316
357
325
289
345
284
279
306
348
294
392
267
383
304
300
275
271
232
338
208
247
381
257
319
285
327
274
312
200
245
374
241
366
343
206
375
341
393
331
311
399
239
228
364
301
256
333
268
210
286
219
320
262
323
292
253
314
367
372
340
299
324
315
347
259
258
391
322
209
365
204
282
387
349
386
246
293
310
288
302
380
308
273
220
397
359
394
360
362
255
329
251
342
202
231
373
396
370
201
346
377
283
240
261
225
287
238
335
313
339
265
270
233
229
207
307
378
205
211
361
227
213
336
252
280
337
350
303
321
230
376
248
281
305
352
243
382
318
234
153
188
27
143
49
4
13
124
84
26
123
71
20
156
97
190
18
172
117
176
54
128
115
139
65
192
105
107
31
199
62
5
83
132
142
67
197
93
130
186
133
119
170
59
181
178
2
34
45
53
138
169
38
111
24
161
78
81
155
40
159
96
37
63
180
121
70
51
151
12
60
100
6
76
146
173
16
61
23
1
104
58
112
75
137
66
36
135
39
95
189
134
152
21
185
174
79
109
29
148
33
154
77
102
127
68
91
50
164
118
57
43
162
193
73
35
125
147
177
171
30
8
0
183
110
86
120
131
144
141
74
157
113
167
150
11
182
165
7
56
194
89
98
17
44
42
10
9
116
175
191
19
122
126
103
15
145
108
168
90
28
160
163
22
72
94
129
198
55
136
47
88
14
196
69
87
166
82
