1187
1026
875
970
748
775
433
502
321
366
194
12
1096
1120
1199
1032
1178
1020
1130
1122
1111
1188
1153
1052
1145
1016
1112
1152
1107
1086
1113
1085
923
981
942
946
983
997
847
908
825
910
860
990
924
808
857
812
887
893
996
959
724
758
626
715
761
754
649
670
653
790
742
647
792
622
615
749
693
684
691
794
576
517
417
515
505
431
483
584
532
434
499
561
522
447
466
448
445
559
408
470
207
214
382
251
257
261
384
231
296
343
354
235
371
380
209
364
274
348
246
365
76
121
78
95
193
68
145
184
183
125
48
53
23
163
109
15
11
65
100
5
1194
1017
1058
1105
1196
1159
1103
1162
1041
1160
1027
1067
1053
1191
1117
1003
1163
1157
1139
1066
1095
1045
1034
1198
1131
1135
1138
1015
1022
1090
1097
1093
1071
1161
1019
1006
1151
1186
1054
1059
1078
1185
1193
1049
1069
1176
1002
1171
1023
1116
1084
1172
1038
1148
1134
1184
1149
1104
1039
1125
1013
1018
1166
1030
1074
1055
1099
1114
1174
1190
1155
1011
1158
1024
1121
1080
1169
1009
1036
1057
1043
1004
1075
1063
1173
1100
1037
1124
1061
1165
1144
1115
1012
1060
1031
1091
1195
1042
1029
1064
1192
1129
1181
1025
1068
1168
1092
1101
1021
1137
1182
1189
1051
1081
1040
1047
1072
1177
1164
1119
1126
1079
1133
1033
1050
1087
1147
1073
1028
1077
1108
1070
1123
1180
1000
1089
1141
1083
1132
1146
1007
1065
1102
1109
1062
1046
1175
1094
1127
1076
1150
1008
1142
1106
1136
1010
1014
1183
1118
1143
1098
1005
1154
1167
1035
1197
1056
1170
1044
1001
1110
1140
1088
1048
1128
1156
1082
1179
984
913
999
939
948
909
814
930
869
842
807
817
945
833
846
809
862
914
870
916
906
805
943
883
936
964
935
892
980
858
982
899
941
815
872
894
987
885
992
873
853
907
922
830
972
823
818
931
978
975
861
898
929
844
879
845
882
895
819
824
954
877
993
967
884
963
826
938
841
856
904
951
801
871
994
947
831
953
988
995
979
806
834
822
991
949
950
940
820
821
957
926
837
859
962
977
840
804
866
986
966
867
836
827
828
971
925
811
851
802
961
803
896
868
891
912
911
900
921
955
897
915
863
956
874
927
832
903
928
881
813
976
973
918
810
998
849
933
855
843
890
932
829
880
876
865
920
850
934
878
958
968
960
816
848
985
952
944
838
800
888
889
835
902
965
974
919
905
937
864
969
901
989
854
886
917
852
839
722
680
714
625
768
639
757
643
669
633
660
756
690
637
682
746
610
644
632
734
654
712
787
778
750
716
696
630
619
674
695
614
753
605
634
782
719
759
638
666
624
665
687
642
677
784
645
601
717
609
783
708
789
608
737
631
779
791
776
629
612
740
725
774
613
731
786
799
721
766
697
733
709
652
718
700
771
739
747
646
741
686
617
640
788
671
793
655
606
765
603
618
732
797
762
704
611
769
781
745
728
785
635
616
780
744
723
679
763
683
607
689
720
636
711
675
664
672
777
713
755
604
621
692
641
658
623
736
694
620
729
673
659
668
663
796
730
678
701
707
751
727
661
726
752
676
662
688
602
795
657
702
656
650
699
743
648
600
706
703
764
667
698
627
760
705
770
773
628
685
738
651
772
710
681
767
735
798
476
453
438
569
587
444
514
455
475
588
547
484
410
435
412
436
423
474
501
599
458
491
541
406
590
563
592
544
509
426
536
451
478
416
560
469
542
533
534
558
508
473
449
427
468
524
552
460
414
528
446
556
579
492
589
580
577
596
539
595
537
402
457
413
594
495
598
487
442
583
439
462
578
407
459
420
497
549
521
489
523
545
586
513
507
463
405
564
496
419
574
467
485
415
400
519
531
500
548
575
440
571
562
516
535
404
527
443
530
510
546
488
504
481
494
477
553
490
518
429
591
506
471
582
557
593
409
454
597
538
565
573
479
503
543
437
452
472
540
482
585
465
567
550
464
572
512
403
520
529
401
493
551
486
428
555
424
568
498
430
566
422
411
418
554
441
581
526
525
511
456
450
432
461
425
421
570
480
353
269
374
287
355
335
282
245
327
358
264
285
270
230
211
345
258
340
316
393
349
318
223
247
276
275
280
237
390
337
293
273
339
228
255
240
385
338
308
352
266
346
307
336
234
205
206
220
241
342
225
233
326
303
265
325
238
328
319
250
203
218
249
297
312
351
304
277
359
360
253
362
299
279
383
294
341
394
200
217
259
347
332
311
376
388
373
333
283
399
305
227
271
361
306
201
357
212
243
263
377
330
363
389
252
302
315
289
267
369
300
268
226
291
215
368
314
320
248
242
395
309
379
204
375
398
216
350
301
381
387
208
210
292
202
213
310
378
396
356
229
323
397
331
272
278
392
334
391
239
244
313
284
367
281
232
288
298
295
236
224
260
262
222
372
386
256
290
370
322
219
344
329
254
221
324
317
286
84
185
87
96
141
66
162
8
35
43
62
196
191
97
180
133
122
126
3
135
157
160
130
36
151
155
41
22
63
33
17
113
26
127
112
0
189
188
64
154
142
27
72
30
107
110
177
152
134
179
47
1
92
137
165
131
148
59
192
120
129
57
164
42
114
139
181
199
14
67
58
45
85
82
175
16
150
38
81
158
106
190
103
80
178
18
49
51
37
187
170
52
70
77
44
19
168
71
144
91
156
10
136
25
88
89
123
86
61
101
83
153
73
55
176
149
143
115
186
118
128
4
167
166
28
39
173
94
69
111
132
32
116
159
60
2
79
124
99
140
6
138
13
7
172
102
98
74
174
34
54
40
117
182
21
9
147
56
195
171
108
197
169
75
198
20
50
93
29
105
104
161
146
46
119
31
90
24
