1440
1445
1433
1374
1391
1372
1346
1299
1282
1267
468
760
832
463
536
1174
627
625
552
563
1207
632
1030
869
910
694
1208
848
874
1198
889
1138
1082
761
797
986
1211
1201
792
515
1046
1189
885
915
1165
780
270
311
33
10
431
425
121
268
286
354
44
100
330
213
115
103
179
123
249
340
1427
1468
1428
1460
1455
1458
1401
1384
1414
1366
1361
1368
1319
1328
1323
1302
1318
1292
1260
1280
1242
1236
1255
1195
1057
771
927
936
1080
1166
842
817
783
835
1069
493
996
447
1107
896
1027
880
453
932
843
977
759
938
718
748
497
594
1202
857
612
626
584
978
1003
1023
611
830
1051
846
650
1007
437
466
1127
532
745
459
827
568
480
893
1149
576
1164
788
461
765
528
983
502
773
687
824
959
507
591
638
1025
1218
1216
688
1056
1147
1088
1008
729
548
743
183
218
210
61
424
369
325
26
51
417
380
173
165
194
208
142
287
149
97
262
53
232
119
376
387
329
27
62
177
295
175
215
355
22
247
52
109
107
338
395
298
426
158
86
1431
1444
1439
1469
1422
1462
1459
1473
1456
1442
1446
1448
1434
1443
1447
1421
1463
1471
1454
1451
1429
1441
1436
1465
1453
1466
1426
1438
1418
1452
1461
1430
1435
1419
1464
1472
1470
1424
1467
1420
1437
1449
1425
1457
1450
1432
1423
1394
1356
1376
1395
1377
1379
1409
1397
1365
1363
1367
1389
1417
1383
1393
1381
1392
1415
1402
1378
1362
1410
1386
1400
1403
1388
1399
1364
1412
1405
1407
1371
1396
1370
1357
1382
1369
1411
1390
1404
1398
1406
1354
1355
1360
1416
1408
1385
1413
1387
1380
1373
1375
1359
1358
1331
1344
1333
1350
1341
1327
1335
1329
1353
1336
1321
1347
1349
1339
1320
1326
1337
1324
1334
1340
1338
1330
1348
1352
1345
1332
1342
1322
1325
1351
1343
1306
1305
1290
1304
1300
1308
1285
1297
1311
1295
1287
1316
1312
1293
1313
1301
1314
1310
1307
1309
1296
1286
1289
1294
1288
1298
1303
1315
1317
1291
1279
1249
1240
1268
1278
1245
1252
1254
1246
1276
1233
1266
1259
1281
1253
1262
1273
1284
1234
1258
1239
1272
1244
1241
1256
1250
1275
1269
1251
1248
1277
1238
1263
1257
1274
1235
1243
1271
1270
1264
1247
1265
1261
1283
1237
1114
1212
770
672
1079
520
475
719
662
439
478
724
1148
1053
966
1230
1072
1100
1179
897
970
1086
1151
675
1026
508
947
949
491
854
562
1109
608
647
607
781
895
1015
512
903
635
789
730
784
845
731
836
914
1121
511
1034
741
1042
606
614
799
815
519
790
574
543
960
503
1187
634
1048
455
831
766
794
1063
1221
1076
1219
952
544
976
505
1159
868
1123
733
570
667
469
643
1004
566
753
639
858
1141
495
990
762
1120
1111
742
925
754
956
1084
485
682
844
1102
545
867
602
1108
449
1173
1041
1176
482
776
787
1131
585
1224
957
686
1171
1074
1145
1036
975
1228
906
1172
1200
1047
615
589
582
1222
994
898
1019
436
1191
808
1162
926
642
723
1199
1154
1231
997
814
828
600
656
1110
617
961
821
902
1192
974
1035
551
1106
1083
577
752
943
728
993
535
655
972
1210
714
695
744
1049
1095
442
654
569
1188
964
622
1232
740
518
697
988
772
1135
637
888
1194
1091
1067
691
769
1142
793
616
703
1066
1058
481
1044
522
620
872
1103
856
1060
870
1163
661
605
1055
919
863
517
1038
458
840
1028
530
498
681
979
1073
734
1118
933
559
1099
726
768
553
1094
727
1002
601
663
1119
962
1157
1085
666
987
980
924
1032
527
940
1217
1059
916
715
699
908
992
879
538
657
998
451
1087
506
479
937
465
900
838
1009
624
590
457
581
757
488
1143
923
712
982
860
948
1054
922
598
674
456
531
1045
1181
640
1090
866
883
487
717
892
779
707
504
981
700
448
820
1101
689
989
628
473
945
444
1068
1065
807
435
705
534
791
1229
1146
516
684
1186
786
884
1225
623
604
894
653
561
1064
1124
1205
809
471
641
1020
803
476
801
713
864
560
701
931
749
851
1183
1122
554
1213
853
963
876
1203
930
706
1140
881
599
847
1226
692
648
951
806
557
911
1125
833
1052
1223
822
839
489
1011
645
685
1016
1158
764
810
746
1078
1012
1227
669
660
1081
849
1136
802
950
805
882
1161
917
446
542
1031
555
704
680
775
886
452
619
1209
665
1130
1177
991
678
912
541
722
946
609
1029
877
873
958
572
630
920
593
1089
454
904
1220
462
510
693
1152
526
865
850
971
1039
747
921
709
738
659
907
1062
1061
1013
588
1144
941
514
735
973
1005
571
1206
1112
521
1133
494
878
1155
710
942
1093
578
671
513
702
826
668
564
550
829
1134
819
1096
1040
1097
1018
1153
935
670
1180
1113
651
708
813
499
965
646
500
890
1104
573
750
460
1128
1185
739
1022
629
816
1092
464
955
610
782
1021
472
492
825
558
1001
596
1098
529
445
716
929
1137
597
1006
1190
1126
580
721
1160
474
524
501
664
1117
698
875
470
1075
1014
1043
1169
583
909
800
901
934
556
778
755
763
837
774
1150
443
1115
450
540
1175
899
999
673
533
811
871
592
1182
795
928
859
441
918
690
438
953
1017
732
676
823
725
595
1178
841
546
490
1196
587
736
891
484
834
767
549
985
1037
567
631
1070
1000
658
525
539
496
477
1214
862
804
483
758
523
756
785
944
621
852
486
1170
913
679
905
644
1167
984
720
798
1077
467
1010
1204
1215
649
509
1132
613
967
969
855
1033
1071
777
575
1156
968
652
954
1197
683
1116
618
677
1105
1168
737
579
995
887
1193
818
1184
1024
633
636
1139
565
586
939
796
603
751
1050
547
1129
696
861
440
812
537
711
187
339
184
190
128
225
302
24
401
423
106
297
155
20
241
138
38
160
90
365
80
251
148
352
236
391
57
275
233
74
1
170
358
79
277
400
305
108
285
377
178
113
67
168
397
382
152
253
244
8
327
422
359
389
28
37
291
174
288
403
428
65
237
344
308
405
5
396
89
216
254
195
434
368
188
66
99
374
7
408
23
413
335
180
191
92
292
42
91
54
147
212
43
141
221
420
81
82
410
231
150
323
25
96
139
131
40
143
278
267
140
166
341
30
157
299
271
328
88
118
75
77
261
248
418
360
17
2
402
72
78
112
265
201
273
55
315
68
105
296
93
333
4
346
390
144
204
370
146
159
3
95
12
415
228
167
202
185
16
101
186
366
21
70
348
209
272
280
379
313
230
111
192
84
279
64
196
301
217
306
6
250
239
127
252
383
238
407
255
263
433
416
13
60
126
371
300
63
198
59
385
199
378
289
110
399
135
334
129
414
388
15
151
98
203
373
350
114
41
411
317
427
310
398
134
205
133
39
169
404
156
246
326
120
281
343
406
122
137
193
32
145
31
240
116
197
73
367
224
318
364
206
361
320
220
36
319
409
421
9
162
283
94
430
419
182
163
314
18
309
432
332
392
46
132
394
234
337
357
284
227
345
161
342
207
85
14
69
219
290
258
356
260
176
50
324
303
226
331
381
124
321
76
242
256
294
322
0
264
235
304
257
172
336
223
45
11
71
47
214
181
229
49
130
384
393
102
353
363
347
35
83
211
104
351
222
34
200
87
412
372
58
429
154
153
243
316
276
307
136
29
171
117
259
269
375
312
189
266
48
362
274
164
245
19
349
293
282
386
56
125
