1431
1424
1421
1371
1392
1365
1348
1316
1266
1247
537
1127
781
821
697
578
1186
791
657
1038
747
583
470
653
930
462
1120
596
962
977
475
588
1128
887
704
987
665
524
989
790
879
483
515
728
1075
585
63
423
207
312
305
191
31
241
213
390
285
307
171
60
3
311
124
47
68
358
1442
1420
1445
1471
1447
1458
1377
1386
1388
1400
1405
1364
1343
1339
1320
1317
1291
1295
1244
1283
1270
1264
1258
899
771
778
716
802
526
927
955
631
687
1199
840
729
721
967
948
947
851
748
1215
681
770
493
868
655
1049
1185
601
869
445
504
1175
672
449
1006
843
886
1207
471
731
1082
862
1197
1053
1069
509
565
1065
608
732
1054
1048
1040
641
506
594
556
1162
577
913
1126
652
746
1159
554
555
1193
711
597
1099
742
806
1184
724
928
847
1080
514
1085
936
392
210
433
115
321
211
309
6
291
345
113
117
148
189
194
78
28
87
48
254
414
50
154
79
249
292
237
300
161
175
397
216
395
15
409
80
333
34
276
231
371
109
144
45
1467
1443
1429
1440
1450
1472
1436
1435
1419
1461
1430
1453
1456
1466
1463
1432
1465
1454
1426
1460
1473
1468
1437
1422
1418
1444
1441
1425
1470
1449
1446
1464
1438
1427
1423
1434
1462
1433
1452
1448
1469
1455
1439
1428
1459
1457
1451
1361
1362
1370
1397
1381
1415
1369
1408
1363
1390
1374
1378
1355
1412
1385
1407
1395
1406
1411
1372
1409
1398
1375
1417
1399
1356
1403
1357
1416
1393
1413
1367
1358
1389
1360
1382
1359
1391
1401
1366
1387
1384
1394
1379
1383
1402
1376
1373
1354
1368
1410
1404
1380
1414
1396
1333
1325
1344
1334
1352
1321
1336
1347
1345
1327
1353
1322
1319
1331
1323
1330
1328
1340
1335
1338
1337
1326
1324
1349
1332
1350
1329
1351
1346
1341
1342
1288
1290
1294
1315
1310
1285
1308
1303
1289
1287
1292
1309
1306
1302
1312
1299
1304
1307
1313
1297
1286
1318
1296
1293
1298
1314
1301
1311
1305
1300
1282
1251
1246
1240
1261
1254
1267
1237
1265
1238
1252
1278
1269
1262
1233
1239
1276
1272
1271
1263
1257
1255
1279
1248
1281
1249
1273
1236
1243
1250
1284
1256
1241
1260
1253
1235
1275
1242
1259
1245
1280
1268
1234
1274
1277
768
571
691
906
606
668
649
1027
1045
760
600
994
1194
958
815
812
520
1210
976
706
442
1134
532
503
805
1023
968
1108
884
545
752
818
988
466
1067
1151
852
951
1044
517
903
680
491
1204
567
734
693
767
519
764
595
915
1000
1202
1132
826
865
1158
1026
485
698
980
794
740
1144
751
836
979
1087
766
540
632
891
827
1059
498
507
710
1034
973
992
1007
1155
580
486
550
518
546
495
1031
1079
952
1104
801
1105
990
465
516
1180
1195
896
745
1205
804
905
1017
620
544
497
1139
996
560
559
963
749
574
458
478
892
689
527
1228
909
528
660
1076
857
564
969
894
460
642
878
1217
972
477
489
730
1061
446
890
439
673
842
1009
1047
645
500
1216
551
663
666
1167
602
997
695
1129
612
534
1109
455
750
814
474
1115
1041
965
505
599
1096
867
923
590
573
1147
984
772
1192
1211
536
530
637
589
1123
593
946
741
702
953
692
739
611
841
1218
621
1166
1060
1230
777
776
614
1011
690
553
437
1141
1229
945
937
1191
793
835
584
759
682
758
472
548
939
1101
861
931
1020
929
1050
1135
736
1125
926
1231
494
753
586
893
957
882
870
907
1182
708
523
464
1160
1093
859
1066
561
774
444
1005
558
1003
662
959
674
683
897
1025
1056
858
726
1222
1142
570
904
492
1035
1196
991
855
783
1145
1107
845
911
880
942
999
1227
1212
480
696
938
1154
828
529
535
1010
1213
627
1039
694
1029
1008
1131
782
1042
853
538
1037
800
725
854
863
629
1100
677
707
1095
773
940
630
1206
572
769
1091
1136
718
932
1084
877
986
566
459
603
1168
656
569
848
824
1089
1112
961
542
775
796
916
737
1081
881
872
935
763
1002
646
1153
974
761
488
921
481
712
910
576
1062
817
838
1046
1033
441
735
579
918
658
950
703
552
1130
1057
1051
1012
1143
1015
1146
975
468
717
825
756
1208
1121
1200
1043
723
685
832
983
714
1018
456
634
1179
438
1016
539
757
1119
860
755
912
610
797
1088
1176
670
1118
638
1013
1164
1149
1209
785
1071
499
1103
686
582
1219
1068
605
713
798
922
799
688
795
598
1172
803
508
448
982
1102
744
1090
587
1021
1004
609
738
1156
998
919
966
557
525
1014
699
788
813
650
451
1077
705
954
1092
1157
844
1063
617
684
985
1150
883
960
1224
1198
1052
970
543
834
675
1106
1148
866
871
639
531
1072
604
568
715
510
618
513
850
635
1078
1022
1114
591
811
1220
633
669
933
522
743
676
1073
917
1113
1097
440
719
1133
1116
575
809
964
643
644
678
925
1188
1058
496
1032
765
667
787
1001
521
924
1177
816
1165
784
1028
839
1161
1138
512
454
647
562
822
993
452
1189
1183
661
619
727
1232
709
1086
1187
829
1019
563
995
889
457
1214
733
1178
831
900
846
469
819
830
1024
1201
581
615
628
664
949
607
461
792
849
898
833
549
533
450
810
1152
944
1110
943
971
920
443
1174
873
914
654
547
901
1173
623
754
502
1122
671
484
1171
659
626
616
1055
820
1226
482
467
981
895
762
1074
1169
1203
874
1181
679
476
625
1223
823
1190
941
648
1124
876
1098
624
779
888
511
479
592
636
902
956
622
978
1140
864
1221
808
789
701
613
1111
908
1117
856
436
447
722
435
1036
1083
837
473
700
1163
875
1070
1094
1064
541
720
780
501
1170
640
786
651
453
1225
934
463
487
490
1030
885
807
1137
246
229
394
337
66
140
355
329
40
381
325
26
273
266
12
2
235
253
388
324
245
184
416
135
280
90
252
7
123
411
242
18
402
133
111
227
354
181
282
424
64
62
83
147
128
206
163
39
0
364
393
279
69
225
162
221
92
36
399
302
410
185
293
167
315
130
226
203
118
313
21
413
8
396
35
76
54
169
323
110
425
408
428
190
201
328
319
94
122
283
362
67
322
77
132
81
136
193
209
286
376
383
14
192
4
52
53
165
236
277
151
32
304
168
429
342
19
271
108
255
377
367
41
219
74
232
103
278
347
330
357
422
57
289
9
257
30
303
290
406
339
274
220
228
56
141
374
75
372
119
157
314
22
142
174
44
61
5
426
233
351
29
101
116
332
295
432
299
126
158
176
343
153
55
403
33
91
287
200
104
95
288
196
262
308
360
296
10
250
373
17
258
102
348
281
86
404
125
46
85
430
20
149
369
385
97
88
137
270
375
359
284
98
186
363
261
391
327
407
316
378
27
25
215
256
112
365
341
43
334
247
353
268
421
134
224
99
173
59
205
114
238
121
107
346
275
138
13
159
72
326
417
188
150
431
145
70
338
294
178
259
318
172
297
427
298
199
177
23
379
401
166
198
230
105
204
155
349
218
11
71
156
234
415
320
368
267
179
335
127
243
38
240
344
16
260
146
195
265
301
331
306
317
160
183
352
386
419
202
182
65
170
380
164
212
51
120
244
143
263
387
214
223
129
42
24
58
222
382
37
272
93
340
361
384
208
251
84
73
418
106
1
82
131
400
269
310
248
187
420
264
217
412
405
49
197
356
239
336
152
366
180
370
96
139
398
100
89
434
350
389
