1438
1434
1466
1378
1379
1356
1323
1297
1233
1265
737
976
818
590
498
672
803
1217
1020
442
897
1158
687
1015
786
813
899
487
943
1060
717
1032
1212
890
1143
1186
600
712
1165
636
1048
807
1182
613
828
1058
253
118
345
177
40
281
159
39
325
287
294
390
332
369
321
227
204
101
172
48
1437
1427
1443
1422
1469
1431
1381
1368
1383
1396
1405
1363
1339
1329
1348
1313
1287
1305
1236
1237
1271
1257
1281
1100
983
619
650
1003
1176
639
822
645
923
820
1090
1129
1083
660
975
918
791
876
834
715
633
445
576
1102
535
994
1142
508
465
887
656
1113
985
538
839
1057
948
840
1022
916
686
1174
757
1228
967
905
780
1053
1040
440
513
1150
469
720
523
579
697
486
473
1183
760
978
901
501
742
1094
497
854
649
460
922
618
562
741
1122
444
1224
648
588
315
136
357
234
191
371
74
323
385
18
107
10
91
53
157
225
373
417
7
404
137
49
220
266
295
85
186
380
148
124
291
184
68
98
19
367
201
117
364
396
421
75
261
55
1428
1462
1464
1455
1470
1451
1465
1419
1421
1463
1472
1468
1459
1467
1436
1425
1457
1440
1446
1426
1473
1439
1441
1435
1453
1452
1429
1444
1442
1454
1450
1418
1420
1458
1447
1461
1460
1430
1424
1448
1449
1471
1423
1433
1432
1456
1445
1398
1375
1372
1390
1367
1414
1401
1366
1382
1388
1357
1411
1410
1384
1364
1360
1397
1407
1395
1392
1373
1380
1371
1374
1413
1362
1416
1402
1406
1370
1399
1386
1376
1355
1415
1391
1377
1408
1359
1354
1389
1393
1361
1400
1365
1412
1417
1358
1394
1385
1404
1409
1387
1369
1403
1350
1334
1330
1342
1340
1353
1324
1326
1332
1319
1336
1346
1328
1349
1322
1325
1343
1351
1338
1337
1347
1321
1341
1331
1352
1345
1320
1333
1344
1327
1335
1291
1299
1303
1296
1288
1315
1302
1286
1293
1314
1289
1304
1290
1318
1292
1312
1317
1300
1309
1301
1310
1307
1295
1285
1294
1298
1311
1306
1316
1308
1260
1282
1249
1275
1240
1273
1262
1239
1276
1261
1252
1284
1258
1248
1256
1279
1269
1247
1280
1255
1245
1250
1259
1253
1238
1270
1274
1242
1277
1241
1235
1278
1243
1272
1234
1254
1266
1267
1283
1264
1268
1251
1263
1246
1244
657
766
682
550
505
1230
601
1221
861
1192
849
958
1220
496
1023
738
926
1222
843
959
841
1223
503
1172
879
578
797
723
519
706
674
936
1093
806
1088
1050
1197
467
990
551
542
1071
482
1216
638
1082
1205
1109
1114
1075
1133
662
1016
679
1107
719
1160
563
702
1086
520
1108
798
1059
1134
852
1008
1047
1080
765
705
655
584
632
642
607
1055
938
1210
603
488
919
823
972
573
951
536
1061
1227
670
1189
527
609
1162
1014
564
1073
982
1119
624
449
483
666
1200
961
1091
900
599
627
614
838
802
809
704
824
992
685
1213
728
927
454
866
745
681
763
1169
468
862
1042
490
492
815
725
920
1067
504
635
733
845
658
491
474
597
842
859
447
1229
911
1034
950
787
602
641
616
907
1202
439
661
593
886
867
698
986
921
844
1164
1062
457
1156
477
882
989
620
703
826
484
540
878
931
836
892
1214
966
761
507
1199
782
631
1177
999
924
499
937
941
971
909
1175
478
750
1021
773
880
545
533
1151
625
1191
1064
955
652
1207
1121
735
864
1155
827
734
1147
604
848
788
1106
775
530
694
586
796
1103
1139
571
446
1063
988
1084
589
544
1104
683
1190
1007
1218
997
1012
1232
860
1145
1231
1013
518
716
722
1027
547
675
863
1168
612
1078
1124
1170
1136
1000
500
594
456
1039
968
437
784
857
673
1126
438
709
801
902
707
570
947
743
794
1201
749
1187
713
819
752
865
1065
569
870
1153
1154
516
453
1026
1054
953
962
974
615
692
1167
1127
1204
732
1089
758
1070
726
680
746
1066
730
877
754
940
1226
623
1011
664
1095
448
696
669
1029
575
847
891
531
930
557
568
667
646
676
458
1116
710
855
1130
525
647
1123
851
771
785
1219
1068
480
1179
973
1096
969
689
552
479
1194
872
956
781
944
917
804
581
443
928
475
776
517
640
898
1128
651
874
816
1135
1163
668
799
459
869
894
810
837
654
528
565
506
1077
1049
736
740
945
980
856
553
626
977
1209
963
1138
522
751
1152
1028
1004
1137
853
1031
934
555
691
1131
1001
1024
744
1098
663
629
534
608
1180
893
521
598
789
1081
998
770
768
596
1193
574
546
549
979
1211
814
1115
756
1052
727
714
509
711
634
461
747
970
526
896
1043
543
1112
583
561
470
1141
1149
554
690
724
1101
987
688
630
829
1188
1072
871
464
494
644
611
502
873
792
1092
1157
1051
628
605
868
993
933
952
435
1173
1030
700
729
621
471
558
1161
800
1111
1033
939
1069
1203
512
695
556
1002
769
1036
466
1117
476
529
821
1144
957
1037
1097
889
495
1225
755
1035
462
835
981
925
1005
1019
772
1125
514
671
643
1171
885
960
875
1018
665
572
441
908
1087
995
436
1185
587
935
1196
677
949
793
748
678
541
915
610
1079
739
1009
1038
831
884
830
1010
731
532
1120
964
1074
718
1159
567
762
942
846
566
888
1184
559
472
450
693
515
1041
451
1132
524
906
914
684
779
481
954
1056
812
455
1166
805
592
1208
808
778
850
1148
708
622
895
701
548
721
1044
653
1110
929
833
1046
1140
1178
617
753
913
759
1215
463
1195
1206
903
699
539
910
606
537
984
1045
811
577
1105
560
580
1085
1181
452
637
790
764
912
904
996
511
767
795
1017
1076
825
881
595
965
1025
659
585
1099
783
832
1006
591
489
1118
883
932
858
582
1198
777
485
817
946
1146
493
991
510
774
45
208
83
328
35
175
337
25
267
249
28
217
80
423
340
409
198
361
366
178
406
151
289
50
309
38
243
209
162
233
283
433
331
263
41
195
176
15
20
355
142
408
139
388
21
424
360
413
377
77
199
130
134
61
120
181
246
229
67
398
121
319
87
280
9
72
255
13
94
132
308
6
358
161
219
4
419
223
356
194
126
362
431
3
192
375
160
36
57
147
224
407
93
226
240
206
97
122
429
27
163
115
73
338
180
14
244
212
111
391
359
131
258
138
215
133
278
237
17
257
96
22
29
37
329
336
395
383
150
302
279
397
368
411
297
305
33
76
405
174
402
303
392
173
434
273
422
71
105
104
327
81
346
342
190
265
145
248
339
79
268
304
400
82
239
262
30
5
285
382
269
196
399
110
183
123
129
156
387
59
1
350
252
245
242
88
231
414
293
106
300
26
272
238
299
292
232
113
52
188
108
354
203
202
313
125
135
306
425
141
16
228
11
416
99
214
370
288
348
164
318
276
264
189
363
58
386
432
378
317
277
171
153
64
144
427
23
296
365
254
335
197
0
218
24
69
140
381
241
430
56
236
347
334
66
314
63
155
128
90
60
31
149
187
290
2
47
256
62
426
205
119
168
250
92
298
167
341
210
274
403
65
103
165
311
384
349
200
376
146
213
275
282
351
333
379
185
418
301
284
389
152
312
46
112
401
260
12
114
109
251
235
102
326
211
8
374
352
310
166
320
86
207
270
344
44
70
78
353
247
316
286
415
393
216
100
412
89
372
179
54
324
34
43
143
170
95
193
330
322
420
343
158
394
32
169
51
221
410
259
428
182
84
222
271
307
116
127
230
42
154
