1434
1455
1463
1416
1398
1409
1338
1308
1260
1264
934
868
849
1094
883
841
1217
869
875
944
907
978
527
1097
619
1162
876
538
1232
672
462
507
985
1085
920
1124
531
880
633
844
696
911
578
625
1125
909
128
133
243
134
363
249
229
246
353
390
284
44
127
8
359
93
29
364
281
434
1419
1433
1444
1448
1467
1457
1356
1402
1392
1403
1358
1375
1321
1335
1347
1296
1309
1310
1262
1233
1241
1266
1280
435
453
488
976
764
1022
1062
771
752
881
938
782
1102
663
843
1049
518
1154
649
726
969
913
615
1202
565
629
1061
833
1052
857
708
1015
885
1130
743
652
682
549
810
480
690
609
616
770
842
1177
592
735
671
1069
1086
819
691
570
479
1080
922
1194
814
1187
794
658
894
884
469
1134
981
534
755
503
1046
1104
1063
784
516
1024
436
979
437
1028
53
74
303
181
424
428
79
164
169
244
122
145
323
139
149
410
350
102
114
370
407
131
377
308
92
385
343
104
30
171
13
48
425
302
215
106
3
310
331
151
404
336
319
260
1460
1423
1426
1431
1449
1429
1418
1456
1466
1462
1430
1441
1471
1432
1470
1469
1442
1437
1420
1451
1468
1435
1440
1445
1421
1427
1464
1439
1461
1422
1447
1472
1453
1465
1424
1428
1436
1443
1450
1473
1452
1454
1459
1446
1458
1425
1438
1391
1367
1371
1384
1369
1378
1364
1397
1382
1370
1381
1393
1388
1379
1357
1410
1372
1406
1394
1412
1390
1408
1396
1376
1386
1417
1363
1377
1413
1407
1362
1354
1414
1401
1359
1366
1383
1360
1395
1389
1361
1373
1404
1380
1387
1405
1385
1400
1399
1368
1365
1355
1415
1411
1374
1339
1320
1351
1323
1348
1325
1346
1333
1344
1319
1322
1328
1327
1329
1342
1334
1349
1340
1332
1352
1326
1324
1331
1345
1337
1353
1336
1350
1343
1341
1330
1311
1289
1287
1317
1318
1304
1293
1298
1315
1314
1302
1294
1295
1313
1301
1291
1300
1305
1307
1292
1290
1286
1288
1299
1312
1316
1297
1306
1285
1303
1267
1283
1254
1246
1237
1282
1265
1247
1269
1263
1249
1274
1257
1234
1272
1259
1275
1252
1253
1258
1279
1281
1239
1250
1277
1243
1240
1238
1276
1273
1271
1268
1270
1261
1242
1251
1256
1236
1248
1255
1244
1235
1245
1278
1284
983
701
1051
458
1075
1193
502
1029
698
765
547
460
1031
877
1226
870
475
702
1199
1172
1129
971
464
1034
517
1023
500
617
452
963
470
860
707
643
494
933
621
955
574
1207
930
522
693
610
571
1145
1146
584
1186
729
802
546
454
879
1179
1018
896
928
761
809
577
721
676
916
738
441
1212
600
768
1180
586
638
484
956
984
1036
786
830
1205
1151
935
636
1045
1223
705
947
505
1121
686
554
717
457
957
1215
840
539
912
630
1093
927
1112
848
455
1065
991
774
1119
599
772
803
1092
1032
596
623
1082
926
697
716
443
601
893
1143
1038
1209
618
446
720
555
906
921
855
540
548
1078
482
776
1039
497
551
572
734
1100
993
491
660
821
1126
529
847
769
1220
1216
1227
631
1132
688
954
818
579
788
806
931
684
481
683
1152
1043
712
787
733
732
864
553
447
583
1195
919
728
711
622
471
687
585
1182
706
902
990
637
797
942
1000
779
495
550
575
951
544
646
723
799
758
959
1053
589
463
595
1017
798
1058
1181
1089
1050
863
777
967
932
718
468
642
496
1003
766
485
851
1190
1123
763
962
465
968
994
459
1095
703
644
532
1144
1035
1055
613
1147
1189
521
1167
632
489
1074
1168
566
1111
1164
576
845
1054
483
1200
568
901
569
1117
807
487
445
887
1066
1155
744
533
952
450
1165
730
511
836
449
925
524
563
680
722
813
1118
790
1222
699
653
474
1006
558
753
545
499
719
1183
1135
973
759
681
966
1048
739
564
513
832
861
895
700
1012
597
1174
778
666
685
1005
859
783
804
727
606
1010
1131
886
914
536
667
748
1161
997
467
695
1231
1203
560
1142
493
882
937
834
1127
461
945
1208
612
537
1160
725
736
910
724
490
785
808
559
611
501
827
837
1083
1211
746
791
1070
820
750
1103
872
1213
793
580
562
1037
812
620
1178
828
1219
965
444
715
1218
958
852
1198
1084
1166
714
892
627
510
936
1007
1108
950
673
1068
897
473
1169
713
678
692
492
626
800
1156
1173
929
641
1091
1027
669
1004
1188
740
796
801
1201
1191
504
1204
1073
1057
486
995
668
856
1171
742
1016
1008
587
866
862
530
535
749
442
710
1021
980
709
987
679
704
838
677
561
1140
448
1184
1192
1122
1009
451
904
541
689
440
1109
941
1185
924
557
664
1044
1114
825
949
1206
756
1139
590
773
850
520
824
1014
1019
594
472
1099
675
624
1056
607
628
1098
648
466
903
831
1149
1071
556
498
515
823
608
1224
780
900
762
1221
1157
670
996
602
889
634
811
939
871
948
754
873
781
757
822
528
1115
1163
647
508
1176
953
1101
509
792
665
760
1110
1175
1120
506
1159
1077
1170
605
591
526
1107
915
917
795
989
655
1210
567
767
477
635
1042
1136
1033
829
593
438
523
1076
865
878
650
639
816
943
1002
946
657
789
659
456
982
1113
1148
478
1064
874
905
694
542
1141
846
999
512
747
1196
1128
891
751
519
1105
603
815
656
1197
604
1137
581
514
1138
543
1116
1228
439
598
923
835
974
1225
1133
1001
1087
1229
573
476
970
1096
640
654
977
890
1013
1026
741
986
645
731
1106
1081
661
1088
614
775
898
998
1059
1041
899
1040
805
552
1079
839
940
961
651
588
662
988
1072
960
1153
1230
854
858
737
826
964
1214
1011
1030
1067
1025
975
674
867
817
1158
908
582
888
1020
972
1150
1047
918
525
745
1060
853
1090
992
431
421
230
412
39
126
45
10
129
432
188
18
366
237
60
261
33
125
268
374
168
392
157
11
426
292
123
15
351
396
321
75
355
288
269
121
66
185
109
290
295
352
411
265
87
223
19
301
283
136
267
224
64
221
335
271
330
379
46
152
314
71
54
187
395
400
137
367
155
399
12
81
248
141
22
191
339
393
378
4
294
43
175
111
291
177
57
69
153
172
326
368
209
298
300
35
179
318
212
365
293
270
386
0
285
360
315
402
40
420
349
130
320
91
232
20
247
96
31
289
227
62
340
266
42
178
259
113
356
194
73
88
228
156
415
299
346
84
376
203
50
59
241
41
219
344
317
36
264
180
146
117
329
253
21
161
348
276
162
211
238
200
235
398
16
341
405
371
381
72
306
403
210
280
337
214
328
6
68
272
391
262
372
34
173
26
142
119
312
347
148
250
95
67
427
305
193
358
208
108
327
309
101
251
384
423
233
85
103
183
24
220
225
394
56
32
2
311
324
78
138
375
166
115
196
51
332
150
65
387
258
47
55
192
207
7
190
27
94
116
167
287
132
118
174
406
255
277
325
226
316
206
429
413
278
144
61
90
282
158
80
245
58
234
140
333
135
239
189
254
361
380
197
182
240
419
263
124
236
17
408
369
143
383
231
86
218
204
89
99
28
120
417
154
275
216
147
52
422
184
186
345
273
83
25
409
222
397
334
202
107
23
217
159
274
205
357
304
14
49
252
213
297
256
313
198
307
37
70
112
199
160
418
77
76
296
342
82
170
9
1
433
257
414
279
97
195
110
242
322
63
338
354
362
430
176
163
98
401
38
100
389
5
201
165
105
382
416
388
373
286
