1420
1433
1471
1401
1390
1376
1350
1317
1236
1268
604
893
1064
586
960
533
443
508
842
470
539
1191
699
1222
1049
644
972
670
808
754
853
479
589
892
562
620
537
1159
1048
1015
1114
758
917
529
800
633
426
378
16
323
91
148
357
408
420
160
54
218
7
203
341
35
124
142
70
177
1473
1438
1421
1459
1456
1454
1378
1402
1397
1358
1409
1387
1346
1352
1328
1290
1308
1288
1283
1253
1281
1257
1240
802
926
506
984
1160
1010
1175
540
504
1042
1229
726
473
516
1108
601
796
572
658
945
756
521
980
1078
596
1223
764
708
515
889
914
858
747
989
689
714
1133
765
818
749
1011
783
1037
792
544
1053
821
1199
1142
527
841
687
456
823
1115
594
904
1171
663
717
491
723
541
563
438
913
564
1220
451
716
870
938
1186
1221
453
522
958
957
961
1170
93
186
239
138
171
195
41
221
328
271
113
393
107
347
421
294
187
316
39
216
32
329
302
205
30
308
114
326
179
430
190
403
26
258
144
63
101
405
206
349
372
285
371
226
1426
1428
1419
1430
1437
1453
1448
1423
1422
1465
1436
1470
1431
1463
1472
1460
1466
1434
1418
1457
1450
1447
1449
1464
1443
1440
1432
1424
1468
1442
1451
1439
1441
1425
1467
1455
1435
1429
1444
1469
1452
1446
1427
1458
1462
1445
1461
1362
1413
1369
1364
1371
1411
1385
1414
1399
1370
1392
1360
1372
1400
1356
1374
1379
1406
1407
1354
1394
1359
1388
1383
1412
1361
1357
1363
1404
1405
1382
1391
1365
1408
1386
1375
1393
1381
1415
1384
1396
1380
1417
1355
1416
1366
1410
1398
1367
1403
1373
1377
1395
1368
1389
1353
1338
1334
1339
1331
1347
1329
1332
1330
1327
1348
1336
1325
1333
1335
1321
1349
1351
1337
1342
1341
1326
1320
1343
1319
1345
1344
1323
1324
1340
1322
1300
1296
1305
1314
1292
1306
1304
1301
1294
1293
1295
1316
1299
1318
1298
1291
1310
1286
1313
1307
1287
1285
1302
1311
1289
1303
1315
1312
1297
1309
1242
1266
1282
1259
1237
1248
1234
1246
1275
1284
1235
1273
1264
1233
1263
1255
1274
1270
1238
1261
1280
1243
1258
1249
1277
1267
1269
1247
1250
1276
1254
1272
1251
1244
1262
1256
1260
1252
1271
1265
1241
1245
1239
1278
1279
863
1023
851
552
855
1009
498
1024
619
497
639
465
828
962
844
1141
746
849
836
1107
1058
829
566
474
1167
1047
489
1073
603
898
655
501
725
864
963
1041
514
1203
558
684
935
812
495
1043
1032
710
600
1075
1147
695
551
640
1137
701
574
946
923
1200
466
1145
748
939
1177
995
789
611
772
1187
459
1174
1066
673
518
804
519
860
843
595
1005
560
567
874
877
579
1046
664
770
1183
476
1061
672
1201
968
1231
556
1169
607
1130
1003
887
1059
928
1120
648
1045
986
730
1197
1056
900
638
1072
1225
734
555
477
526
790
737
622
894
881
1185
1027
931
487
1195
599
766
1068
778
1100
738
668
1146
583
548
1086
656
647
1122
903
707
1002
1069
694
1006
885
975
659
1152
886
493
1166
1182
1065
1080
436
952
987
1165
577
922
814
954
472
609
797
1076
524
993
1077
786
578
697
630
612
909
896
494
608
810
651
755
832
728
1118
502
911
775
484
1172
523
1112
1109
1055
531
520
1126
678
720
1012
1113
530
676
776
941
1093
951
446
471
1081
845
779
1051
1040
692
880
820
671
1092
990
1123
805
1091
576
435
762
834
761
1082
784
964
1071
948
475
592
1188
994
801
679
693
654
641
588
631
1173
1101
545
1228
1131
1030
751
729
1094
757
798
1128
553
460
739
649
546
1036
1180
646
1178
486
992
444
985
507
613
536
1060
629
1038
1099
1227
478
626
891
1079
616
1019
866
1212
831
500
643
1110
481
713
1150
919
1213
1116
462
769
698
525
865
1014
1103
857
623
538
547
767
542
732
635
1039
774
1134
1074
811
979
636
1217
1190
534
868
991
1218
575
711
883
661
867
949
455
983
839
510
777
605
1143
715
890
795
1028
1062
973
634
907
628
483
943
657
974
824
936
584
1198
1090
971
916
561
847
1230
799
1184
1070
1232
927
463
1151
924
1157
1029
773
488
1205
940
918
759
682
1001
439
830
571
838
1035
573
905
674
827
1119
908
966
826
1008
743
965
807
700
988
1155
852
492
977
1204
512
1193
1096
632
1004
1117
1095
1020
1207
869
859
982
902
469
780
675
549
771
602
1206
906
1209
683
665
570
457
950
741
825
956
559
959
862
440
768
813
1135
930
535
1044
1189
1063
1136
817
888
490
445
1057
929
744
557
517
652
999
846
480
878
1098
731
1192
1210
496
621
1153
727
704
722
706
712
441
615
925
1013
970
781
735
461
921
750
1202
753
1124
702
1129
932
760
835
690
593
442
806
1007
848
1111
1022
585
598
803
1208
763
448
691
1097
782
614
1216
879
884
458
449
1127
581
1161
1083
854
1021
681
667
1149
876
897
509
467
1132
822
1139
1162
815
1052
1084
528
742
791
669
819
721
650
1163
590
976
532
1215
899
1034
873
947
875
787
978
1168
1016
617
666
719
565
606
895
688
653
837
582
580
642
1140
1211
597
587
861
752
1179
969
794
1033
1067
482
677
1102
1125
724
785
1158
1089
1105
967
1018
1144
1176
485
1104
793
1054
788
915
1148
998
660
705
454
569
745
856
686
447
1087
637
1031
1219
685
1214
1194
937
450
850
610
934
996
1000
543
1106
680
1121
733
618
696
645
437
511
703
872
816
1085
910
809
997
736
1224
505
591
468
554
944
503
499
840
1138
550
513
452
1017
833
1156
1025
981
955
912
1196
1164
953
1026
1226
740
1154
901
568
1088
942
882
871
1181
464
1050
933
920
662
627
625
624
718
709
245
111
108
182
301
23
377
385
6
217
234
58
395
152
298
77
0
359
415
246
387
42
202
362
224
373
67
100
127
265
352
422
88
15
398
180
363
68
74
122
313
264
361
193
396
287
358
247
233
71
147
291
176
25
280
53
128
83
170
379
364
406
356
82
121
295
428
306
312
3
20
222
116
214
137
131
241
188
330
49
266
412
407
311
141
129
50
248
212
36
429
254
257
390
22
229
304
149
27
194
404
335
102
66
65
146
161
103
78
61
130
369
242
344
92
112
117
166
314
382
427
414
267
60
354
48
57
109
17
413
213
431
423
105
18
416
296
411
119
324
90
198
72
230
388
282
269
410
339
268
12
59
211
340
14
353
154
5
173
418
8
300
189
367
169
89
31
327
151
433
219
207
44
133
200
118
273
342
397
240
64
288
256
199
175
62
338
143
235
252
315
350
46
260
73
274
263
334
351
86
331
383
389
4
237
210
140
157
322
402
425
40
292
279
320
126
290
13
394
87
333
231
336
106
376
33
135
159
360
228
24
191
366
165
317
10
276
259
192
409
115
215
201
401
309
123
255
251
299
153
368
85
164
29
99
196
244
380
384
184
19
80
305
374
392
183
225
220
155
55
167
253
11
249
145
283
56
69
370
232
34
163
110
185
310
424
293
348
272
104
95
79
9
52
236
399
277
286
197
84
47
38
156
158
297
381
181
243
332
2
238
43
208
345
139
204
76
307
136
168
346
223
365
1
209
28
319
261
275
325
51
132
303
178
227
434
284
96
81
400
343
125
375
172
278
134
419
98
94
289
391
355
281
262
162
432
37
174
417
45
250
270
120
150
21
321
337
97
75
386
318
