1471
1441
1454
1402
1408
1377
1327
1285
1251
1262
557
512
494
467
641
825
702
1003
500
1075
1148
1142
904
1006
1020
1050
513
1092
529
618
937
983
674
635
517
782
457
644
881
559
835
663
1069
1127
969
1207
177
159
292
118
93
51
218
338
158
254
356
65
86
392
433
236
252
302
270
258
1446
1432
1422
1435
1418
1443
1398
1400
1390
1409
1365
1404
1352
1325
1322
1307
1311
1303
1282
1255
1280
1275
1235
549
660
1168
1136
871
899
856
1078
776
747
935
650
786
709
981
655
1199
756
550
1032
1055
798
887
489
753
533
949
525
895
491
667
773
1130
770
936
717
565
876
1024
1074
439
523
509
1159
473
966
1190
625
913
1096
1224
943
518
554
826
496
1117
1193
515
1182
793
1201
1079
684
712
787
591
761
568
1183
1026
640
1018
942
1109
671
1037
719
463
693
103
216
268
182
300
90
430
257
46
240
339
74
157
381
369
194
337
163
319
387
209
188
382
15
26
336
143
285
152
253
96
244
172
235
43
149
162
417
142
403
421
109
116
287
1470
1466
1465
1423
1450
1439
1461
1438
1440
1434
1419
1420
1464
1463
1425
1428
1444
1469
1468
1436
1430
1472
1458
1453
1460
1442
1427
1459
1424
1462
1467
1429
1426
1433
1437
1421
1456
1457
1431
1449
1448
1447
1451
1455
1473
1452
1445
1354
1367
1362
1387
1358
1392
1355
1375
1356
1397
1403
1394
1378
1411
1381
1413
1371
1396
1373
1379
1359
1417
1395
1361
1372
1383
1369
1366
1364
1414
1389
1399
1388
1382
1385
1376
1368
1374
1357
1415
1412
1370
1407
1401
1405
1410
1416
1386
1380
1384
1360
1393
1406
1391
1363
1343
1320
1345
1331
1333
1323
1324
1336
1342
1349
1335
1337
1326
1346
1340
1339
1321
1353
1341
1334
1332
1347
1338
1351
1328
1329
1348
1319
1330
1344
1350
1309
1292
1293
1289
1299
1306
1291
1287
1313
1304
1318
1308
1301
1315
1297
1296
1312
1302
1298
1316
1286
1290
1317
1310
1314
1288
1294
1300
1295
1305
1258
1269
1233
1257
1267
1244
1256
1270
1261
1273
1241
1279
1253
1278
1239
1276
1242
1260
1245
1263
1274
1268
1249
1243
1252
1281
1248
1246
1240
1250
1247
1236
1271
1283
1265
1234
1238
1284
1264
1237
1254
1259
1272
1266
1277
858
897
1228
715
1176
527
901
804
696
802
972
810
790
994
760
521
654
683
1119
1187
902
1043
1071
731
885
608
1115
627
645
530
848
1223
705
922
669
959
466
572
956
1128
1167
1088
939
587
1209
836
516
1194
1108
544
469
545
1001
957
1059
1063
531
964
1010
675
845
1157
621
910
915
801
1171
677
1015
676
813
1125
839
483
1038
552
967
1068
864
460
890
944
1051
614
975
576
828
1120
832
593
730
769
455
505
780
453
951
713
879
1210
930
1162
611
662
870
1126
824
652
850
755
619
1076
1222
1220
1080
1138
581
900
620
889
435
1216
605
668
508
482
1131
924
580
954
436
1132
808
869
535
1134
553
1029
849
451
537
490
970
680
816
868
752
806
1044
1052
688
953
764
1154
1184
1014
1099
791
1113
1077
1002
493
1061
1155
1017
1122
476
1030
735
538
1169
1185
445
746
799
759
932
477
1073
833
1049
999
744
1040
570
628
938
488
805
507
877
599
658
449
617
631
933
560
501
616
737
443
606
847
574
464
908
707
1064
475
984
878
1137
462
988
1195
486
695
711
1058
745
728
860
710
555
1214
765
754
1179
558
468
909
697
540
561
588
718
815
1102
1103
862
629
778
1218
442
682
638
639
925
577
665
584
1097
763
1139
571
965
866
485
708
1082
1230
648
465
927
1172
1211
852
1089
679
883
1035
809
685
704
691
534
1019
1188
546
961
777
543
1213
973
1197
830
1205
573
1121
1100
918
583
931
859
968
974
855
1198
506
579
945
750
722
865
1208
807
797
1095
666
602
575
609
539
657
586
601
1153
1031
738
1225
853
840
907
592
1181
481
649
748
686
487
873
743
603
1011
444
1106
812
834
1016
775
522
978
1067
643
456
613
721
1022
726
1056
993
739
440
1060
706
725
547
846
595
1200
751
841
1166
1039
1110
690
1107
582
1129
1013
823
986
612
623
478
1202
1094
941
1174
762
734
894
724
893
661
1203
536
1087
479
1226
1116
659
454
789
1027
1081
670
542
699
1219
1161
740
1196
1086
989
1083
875
940
596
495
590
950
687
831
903
459
1101
1041
998
630
1021
960
480
891
1007
498
664
1025
882
880
814
898
1123
503
727
997
1033
1000
1151
781
1036
1048
470
524
600
1229
1047
646
963
720
1028
1175
1147
854
757
634
995
458
1084
1186
779
1191
771
1165
818
1180
857
700
526
589
1189
1164
471
626
851
1143
796
977
1133
723
911
637
947
844
1118
1144
955
794
607
450
863
766
452
647
656
484
1221
919
811
1098
714
438
502
991
528
774
569
800
906
758
1065
783
642
996
929
1045
821
829
892
1192
633
541
772
749
622
884
1163
578
979
867
651
1232
905
1150
785
1104
1062
499
441
1215
838
921
562
692
820
1085
636
872
474
914
923
698
610
784
598
1124
817
1070
681
694
548
819
934
732
437
1204
795
461
604
827
678
1170
701
1008
987
1072
448
1009
1005
1135
822
1111
624
1145
990
1160
1105
803
971
551
1114
946
874
597
1141
689
447
1046
564
519
1034
742
736
566
916
567
594
1173
514
992
926
896
497
1178
1042
768
511
585
520
917
472
1152
1066
861
912
672
948
1090
653
920
1206
886
1217
1146
729
733
1023
510
1149
980
1004
837
928
958
842
888
1212
1227
788
976
556
1156
741
982
716
952
532
962
632
703
1158
446
985
1054
673
492
767
843
1093
1177
1091
1057
1140
504
792
1053
563
1012
615
1231
1112
359
405
211
413
296
313
399
224
351
411
72
197
245
180
294
364
284
147
115
206
277
138
311
140
367
316
19
342
248
156
54
308
124
288
427
228
263
133
134
68
352
241
422
14
56
213
39
204
242
223
102
0
170
266
123
321
125
48
95
349
62
271
41
362
100
217
21
233
360
192
407
283
310
365
385
396
219
334
317
205
153
165
363
55
137
136
386
98
432
166
76
92
150
69
7
361
332
178
50
160
164
330
247
31
61
383
303
341
179
239
237
304
13
8
214
226
88
91
201
200
420
81
175
107
269
168
64
60
357
148
9
1
128
412
318
101
320
307
63
89
272
376
353
230
25
373
368
58
215
71
141
375
3
196
169
370
151
251
409
16
346
87
401
275
333
350
79
106
202
5
6
99
377
255
315
208
309
231
119
327
434
276
229
278
355
59
33
261
28
238
298
246
221
264
29
154
70
406
10
340
210
45
398
22
299
183
139
161
418
67
36
112
426
84
301
129
49
199
114
408
171
104
225
354
167
343
111
347
256
212
305
314
371
358
78
176
384
289
286
77
4
431
378
325
335
243
322
262
397
110
293
120
53
135
249
389
220
345
37
402
185
380
232
379
306
328
195
131
66
189
155
329
121
312
146
24
82
281
108
47
187
324
222
227
17
273
126
290
44
174
394
423
391
127
190
416
291
193
2
42
400
198
404
130
280
32
366
186
117
40
132
395
27
410
326
388
113
260
191
374
52
184
234
429
425
94
105
11
265
207
97
144
344
85
323
348
18
80
393
279
267
297
122
83
419
250
30
173
415
372
12
282
203
331
35
181
20
23
274
57
145
73
34
414
424
295
75
259
390
38
428
