1429
1459
1448
1369
1404
1386
1348
1317
1266
1255
1202
780
624
1025
1127
601
1022
1158
908
1118
952
825
1053
580
689
1130
1105
764
602
704
1098
898
1008
1232
1199
1080
1229
876
1125
769
1204
730
1085
588
475
960
90
373
358
235
202
229
231
173
380
244
374
433
75
169
195
105
106
1
70
289
1470
1418
1444
1420
1455
1446
1414
1362
1395
1363
1357
1384
1328
1341
1334
1314
1288
1304
1280
1269
1282
1240
1249
854
663
442
1069
555
981
509
613
1124
955
706
1063
826
641
767
734
934
813
959
585
970
1089
929
994
853
953
656
1023
989
902
827
807
980
804
586
1185
524
1061
754
518
504
820
626
958
444
945
495
1106
1048
1094
736
1082
698
617
460
675
1092
1043
931
436
608
474
1188
520
761
510
718
886
650
814
1177
1148
983
766
439
1147
795
1143
1179
535
350
252
375
315
55
122
12
115
61
172
347
181
432
331
77
44
421
296
170
113
48
14
111
176
274
228
2
85
218
353
265
419
367
368
205
319
210
298
366
346
292
237
272
238
1445
1468
1460
1449
1431
1450
1451
1433
1432
1421
1457
1447
1419
1464
1437
1430
1426
1463
1471
1434
1454
1436
1469
1423
1443
1466
1452
1440
1442
1441
1467
1428
1453
1427
1458
1461
1465
1438
1456
1424
1439
1472
1462
1422
1473
1435
1425
1365
1378
1397
1387
1405
1374
1417
1385
1373
1399
1415
1368
1416
1407
1382
1409
1380
1389
1391
1388
1410
1361
1375
1379
1364
1377
1398
1359
1403
1400
1371
1396
1392
1411
1356
1408
1370
1354
1393
1381
1358
1394
1372
1390
1402
1406
1355
1366
1376
1412
1401
1383
1360
1367
1413
1344
1325
1346
1322
1327
1351
1332
1352
1320
1339
1323
1350
1333
1347
1337
1324
1353
1340
1329
1336
1338
1349
1331
1343
1321
1319
1326
1335
1330
1342
1345
1287
1318
1298
1295
1308
1290
1313
1292
1310
1303
1293
1297
1305
1312
1301
1309
1315
1285
1302
1294
1289
1291
1307
1316
1286
1299
1296
1300
1306
1311
1243
1257
1246
1263
1275
1254
1276
1250
1271
1238
1281
1253
1264
1284
1241
1234
1256
1236
1244
1235
1274
1259
1268
1237
1258
1233
1260
1270
1251
1265
1252
1245
1267
1273
1279
1247
1278
1262
1242
1261
1277
1272
1248
1283
1239
951
808
1162
582
1139
584
486
753
1009
595
1117
508
1040
1010
437
1101
775
651
489
1054
849
817
783
600
697
964
987
531
1055
1136
1150
527
856
847
570
1000
1183
1097
831
1200
587
669
648
822
1231
703
1027
492
696
494
907
1153
674
1042
968
1214
501
1039
568
591
834
468
1029
625
794
676
695
630
818
514
1015
1227
824
1104
1087
521
1049
491
1212
539
642
1026
948
873
1077
1056
1109
1192
496
717
975
1144
564
562
526
1132
454
835
1067
498
954
750
926
1211
1001
823
901
578
479
999
914
688
715
852
450
1004
719
1102
895
533
1154
802
1108
632
882
622
1066
453
1068
1036
864
615
887
1120
939
720
559
765
947
1110
855
921
1079
1046
670
605
936
547
611
1071
607
969
911
832
654
446
868
971
1171
1112
1060
1186
890
846
549
924
614
1216
593
487
713
862
1045
905
957
791
992
645
1064
965
693
561
1145
543
1016
634
858
722
668
974
712
640
733
1226
1152
785
950
1135
664
1181
865
861
616
483
530
731
875
800
793
781
603
653
997
537
786
478
747
1070
1219
963
1156
619
1178
773
1195
610
467
529
505
721
792
686
599
546
1169
567
1172
612
597
683
920
830
678
745
1017
885
516
488
995
751
490
851
726
1201
889
629
1093
1223
657
724
870
440
631
635
803
1086
768
666
448
649
904
1209
879
445
729
777
575
801
1041
1051
880
461
1057
943
932
493
528
1151
903
701
806
1134
699
708
940
900
1190
782
896
910
594
743
1119
925
739
470
660
637
1044
1116
441
714
1018
774
1184
740
888
673
1160
1073
760
558
583
857
621
658
728
871
1193
1206
538
542
1196
571
1090
837
507
933
919
838
1174
1074
759
541
1207
1203
716
909
1007
937
1107
1224
671
473
1099
1230
1142
917
1221
647
946
998
545
859
966
589
755
1076
1126
978
1114
573
643
513
572
894
752
638
556
705
1215
553
941
788
469
552
991
1100
1187
841
1205
796
449
809
1091
922
756
618
1121
1163
551
913
863
1131
560
517
784
680
523
690
815
1037
812
843
836
522
1164
1198
455
1111
1003
805
1149
1013
659
1146
465
456
1006
1113
840
867
627
452
778
709
927
842
918
1182
443
1189
1217
735
942
557
816
1005
798
579
447
682
1035
821
644
623
833
1123
458
438
923
1129
672
973
503
515
667
499
938
1019
762
472
1157
1031
459
828
891
710
1078
912
850
540
993
590
1141
986
576
1096
848
628
596
1222
476
1065
1167
984
976
692
916
506
519
1034
899
1058
484
687
893
810
990
758
1168
677
1220
1165
930
702
655
844
829
577
748
1159
749
790
661
799
1176
685
569
797
892
1050
1170
741
1028
536
1115
944
485
1084
1208
563
1228
1140
1024
574
897
1155
1133
744
525
977
725
845
548
1122
738
757
742
732
1014
1011
979
763
679
681
967
1191
500
878
1194
962
598
776
996
684
1032
1166
819
711
772
636
1038
770
787
435
457
462
1047
554
451
581
532
1052
646
665
789
1137
869
737
839
1062
1033
1021
883
1075
1138
1218
727
1012
779
866
691
1173
502
466
471
872
481
1088
985
1175
1002
935
915
1225
860
1210
550
534
949
511
512
662
480
477
906
1161
633
956
874
606
604
1197
700
988
811
982
1083
565
972
1095
723
620
566
609
961
652
928
497
1128
1020
1103
1081
1180
592
746
881
463
771
694
707
884
544
877
1059
1213
1072
1030
464
482
639
200
147
100
175
92
393
408
294
341
71
409
287
192
16
182
46
163
7
306
343
124
278
43
316
80
166
47
344
131
365
98
288
183
291
388
22
404
20
164
102
132
337
216
68
154
264
112
283
332
29
329
201
241
385
87
53
49
284
223
412
239
196
395
233
103
253
15
127
382
427
338
52
42
215
134
203
379
101
387
397
159
160
297
153
369
133
300
330
126
94
67
399
149
262
145
424
320
19
187
230
355
418
109
260
39
386
36
416
198
212
232
285
273
362
406
263
64
277
76
108
117
180
118
372
354
394
33
413
144
177
422
150
152
281
414
270
5
146
34
157
110
321
120
242
116
407
311
246
334
340
184
255
280
303
57
276
392
359
305
140
21
207
423
217
345
248
17
86
79
402
138
293
420
227
148
411
151
84
162
323
23
249
213
165
318
226
313
6
234
65
426
141
0
351
429
357
243
282
24
73
171
398
339
41
286
193
266
62
348
143
328
125
93
130
381
307
66
4
38
56
59
336
123
161
156
310
194
97
72
167
236
31
275
356
174
314
25
137
219
251
190
261
431
225
428
317
82
51
32
245
378
324
269
128
63
326
222
209
403
360
28
240
185
188
104
119
10
208
136
405
18
179
410
304
364
309
30
83
256
206
390
142
199
186
54
302
96
155
88
121
352
13
361
279
370
417
178
139
301
312
257
60
69
376
214
349
308
8
391
299
268
78
335
434
430
247
400
95
189
74
37
197
371
224
158
35
11
271
254
135
129
220
267
3
204
91
191
342
99
327
259
290
377
389
114
58
81
295
26
250
425
363
107
211
325
40
27
258
384
221
396
415
401
50
333
168
322
9
383
45
89
