1435
1434
1464
1403
1370
1386
1334
1317
1256
1265
1190
624
640
1044
938
483
1230
628
575
689
1138
743
917
498
991
1001
802
481
602
1039
1070
1053
450
1113
746
732
664
853
1181
517
1119
1145
511
845
658
588
405
175
423
236
206
90
229
359
9
83
196
385
353
425
280
302
27
200
86
95
1470
1446
1472
1441
1462
1418
1394
1372
1371
1358
1413
1393
1341
1351
1336
1304
1292
1294
1243
1240
1276
1269
1272
533
671
459
695
1052
1127
717
1093
522
477
715
506
705
558
435
539
1036
977
561
832
1000
1121
798
749
841
1155
549
813
817
1128
521
495
1146
748
650
810
903
520
663
573
1205
1153
742
438
1018
992
788
710
995
900
1161
962
677
659
871
707
579
789
509
686
444
669
1116
609
891
1072
816
807
574
794
939
753
631
577
1010
932
560
1058
1051
675
142
153
299
322
268
256
301
271
244
117
3
30
78
128
28
250
36
392
171
318
126
309
253
179
16
342
22
226
74
335
249
303
100
382
307
130
69
2
141
155
377
57
146
403
1471
1443
1420
1425
1436
1460
1459
1455
1444
1463
1428
1447
1430
1473
1456
1433
1422
1432
1424
1431
1442
1451
1448
1457
1450
1439
1452
1445
1429
1468
1453
1419
1426
1465
1454
1427
1461
1458
1440
1423
1449
1469
1466
1438
1467
1437
1421
1392
1382
1398
1363
1407
1356
1387
1361
1405
1367
1374
1378
1397
1384
1354
1376
1368
1360
1416
1366
1379
1414
1385
1409
1396
1415
1389
1364
1373
1357
1359
1400
1395
1377
1380
1365
1410
1401
1402
1406
1381
1390
1383
1391
1399
1375
1408
1404
1417
1355
1411
1388
1412
1362
1369
1344
1345
1331
1350
1342
1348
1349
1332
1328
1346
1353
1352
1322
1343
1323
1321
1337
1326
1320
1340
1319
1327
1347
1338
1335
1330
1333
1324
1329
1339
1325
1288
1310
1308
1316
1305
1313
1307
1300
1309
1297
1302
1311
1306
1289
1318
1290
1299
1286
1291
1293
1314
1315
1285
1312
1287
1296
1295
1301
1298
1303
1246
1278
1263
1271
1236
1234
1283
1258
1274
1280
1257
1238
1233
1268
1282
1264
1250
1279
1266
1273
1260
1237
1252
1242
1249
1262
1235
1245
1267
1241
1239
1284
1248
1244
1254
1270
1253
1275
1259
1255
1247
1281
1277
1251
1261
757
914
492
607
514
729
814
946
806
1130
626
1026
513
462
764
1115
797
1229
538
724
945
672
776
838
673
1089
1139
1100
1152
646
846
657
1094
929
908
895
676
972
730
886
1074
1055
1197
1046
697
683
681
782
1140
956
684
656
965
852
1148
678
815
955
699
1142
572
516
471
933
861
854
548
1172
1144
1023
476
836
1141
1211
651
923
623
439
928
906
493
958
488
670
767
948
812
674
784
611
745
490
625
1117
627
768
1105
703
502
1185
1212
694
879
762
856
1059
827
1125
973
786
696
1147
739
595
901
527
1073
964
692
982
1022
862
1038
1129
818
528
772
570
622
1176
1042
547
752
1192
1189
952
1109
1226
594
1103
642
543
837
754
713
1202
1040
913
700
1180
1166
1154
830
1065
1174
899
1231
463
1149
647
925
756
470
569
915
1005
1008
540
1048
842
1045
1222
719
619
496
1201
499
823
580
557
666
599
893
565
866
504
731
1170
744
934
1203
1177
1220
758
1030
869
1076
949
556
943
937
1208
822
824
1019
1078
1013
1114
1014
464
1075
500
829
1009
653
942
1207
1225
1033
576
454
1137
735
857
1228
508
485
1037
1088
616
987
978
446
1204
1064
878
600
633
632
525
473
620
1118
882
826
868
593
1006
1158
1099
1200
821
777
1097
551
1157
1198
935
725
771
840
1199
1194
497
877
479
526
1214
881
809
971
1206
1017
889
1015
1080
1135
759
1196
765
897
751
712
443
787
738
456
1111
507
494
843
734
455
544
1087
614
760
750
968
541
590
1165
584
736
601
876
975
755
679
875
475
907
1191
1095
966
535
510
1031
635
636
478
733
643
722
665
910
785
1002
578
685
604
441
474
1062
634
605
1079
1169
867
1123
440
537
453
711
512
1029
1124
996
1167
740
487
728
480
1107
924
491
552
581
1007
994
1179
583
486
726
863
596
469
718
1143
763
660
532
553
1193
554
608
781
529
1091
542
969
976
916
618
436
555
1071
773
687
720
1110
1086
1219
1057
1162
803
1216
1035
1067
792
617
959
1102
1126
926
859
467
791
851
1182
941
839
1082
896
954
737
894
661
920
1108
883
1084
688
586
795
988
1061
775
546
472
466
461
927
501
1209
844
1034
811
559
804
451
530
621
1098
1120
1049
1184
990
887
774
808
947
448
993
606
872
960
825
1043
449
1136
721
997
630
668
567
1032
833
550
741
708
1150
704
1131
911
849
531
1021
747
452
847
1217
1083
1186
442
1223
1175
918
884
848
953
645
909
780
799
1215
1122
1066
564
654
1187
980
1011
1132
690
961
603
1056
1063
1104
1069
1101
629
963
983
912
1112
562
931
701
890
587
1232
1171
1168
1024
800
518
999
1221
638
761
1224
831
850
714
1151
1210
716
1106
778
1003
870
693
545
639
905
445
1164
1188
940
970
615
936
534
1050
698
1134
637
458
783
865
1227
591
801
706
858
892
919
957
922
1027
503
652
649
437
468
585
1016
1183
1012
902
484
1133
709
598
489
613
944
986
1060
921
648
864
885
644
457
989
950
951
1156
682
568
779
1004
828
981
655
1096
1020
519
855
796
819
536
793
766
465
727
447
888
805
680
641
589
723
984
1085
904
702
820
1077
1159
1068
1025
691
880
790
592
1173
505
667
460
1195
979
769
597
515
610
1090
1041
873
1054
985
523
582
1178
1218
860
974
770
998
1028
524
930
1160
834
967
563
482
874
662
1092
835
1213
1047
1163
898
612
1081
571
566
23
152
260
287
398
430
71
94
129
154
205
418
393
265
317
344
188
32
61
367
189
0
5
270
6
163
396
124
109
186
426
139
348
187
331
233
374
52
417
380
7
225
125
277
363
193
350
354
24
122
239
407
35
207
291
73
247
55
227
167
203
255
251
424
311
293
285
387
369
242
352
63
13
336
421
237
116
162
295
221
160
267
434
368
389
243
394
379
297
72
241
400
11
224
238
157
144
161
31
290
343
279
366
118
235
181
177
194
365
356
84
339
410
278
269
92
223
64
298
178
21
85
384
180
390
257
4
378
165
406
245
248
77
345
274
414
228
391
261
166
320
183
240
370
332
168
46
68
358
328
373
222
386
102
316
147
300
281
43
262
412
395
408
215
347
216
58
93
33
145
288
137
8
134
401
361
70
26
148
427
326
150
110
325
131
19
313
40
156
76
101
341
79
14
286
190
201
119
49
50
375
273
173
135
184
108
314
164
308
140
20
99
67
97
18
34
294
383
372
87
1
121
381
376
263
315
364
217
264
402
211
172
231
82
143
174
272
103
429
431
334
89
321
106
59
252
37
65
81
191
282
327
159
411
420
416
371
409
340
169
210
289
234
349
346
195
283
246
75
214
54
388
185
404
413
182
62
433
254
176
127
199
10
296
319
25
60
114
47
41
80
324
312
66
12
330
45
323
15
337
397
209
197
232
333
258
51
44
213
120
292
53
158
29
88
212
115
170
306
202
39
136
259
329
48
275
149
355
98
419
218
151
351
123
42
357
360
107
105
104
96
56
310
138
338
415
133
204
266
428
111
38
230
219
220
113
276
432
112
208
132
91
284
362
422
305
17
198
399
192
304
