1422
1466
1452
1396
1402
1366
1320
1300
1284
1240
648
623
699
1187
1019
752
963
756
729
860
1028
1168
956
733
916
899
999
843
1121
503
486
1193
997
579
1055
621
730
788
892
902
1027
801
909
761
567
1107
136
109
388
302
379
22
177
433
231
236
156
244
382
323
108
155
370
298
303
359
1430
1432
1456
1420
1445
1455
1385
1356
1363
1394
1361
1415
1327
1346
1325
1305
1317
1291
1276
1243
1269
1233
1262
461
574
1030
937
903
838
622
1079
539
696
718
446
1214
708
565
757
1012
953
841
842
603
1181
1213
563
785
442
475
670
1061
731
470
1033
541
944
923
1224
465
1198
855
728
620
1001
960
1199
794
945
851
771
645
580
649
678
675
681
668
1217
717
626
635
1016
448
639
1042
1100
968
636
650
656
585
1057
1065
783
1155
1096
1090
625
987
750
1120
697
213
72
159
88
279
94
19
36
175
85
294
290
318
181
62
293
265
284
104
399
59
267
102
310
27
70
225
74
228
394
251
207
78
403
120
144
281
358
58
100
238
247
165
29
1450
1421
1434
1426
1459
1441
1449
1423
1428
1462
1435
1419
1471
1447
1469
1438
1424
1458
1446
1451
1453
1427
1444
1436
1448
1461
1454
1433
1460
1442
1464
1437
1431
1440
1457
1439
1470
1467
1472
1425
1443
1468
1465
1429
1463
1418
1473
1378
1413
1362
1370
1384
1411
1388
1390
1369
1382
1407
1374
1387
1375
1412
1408
1392
1364
1386
1371
1372
1416
1391
1368
1365
1377
1403
1406
1395
1397
1389
1404
1400
1380
1414
1355
1398
1358
1354
1360
1376
1399
1410
1373
1393
1401
1357
1417
1383
1359
1379
1409
1367
1405
1381
1349
1344
1345
1331
1328
1338
1329
1347
1334
1348
1321
1330
1332
1335
1339
1351
1323
1352
1336
1324
1326
1341
1350
1343
1353
1322
1319
1337
1340
1333
1342
1293
1308
1288
1307
1299
1313
1316
1301
1287
1297
1285
1314
1295
1304
1294
1318
1302
1286
1312
1311
1309
1289
1298
1292
1306
1315
1296
1303
1310
1290
1258
1238
1237
1272
1259
1235
1254
1261
1253
1268
1275
1241
1270
1239
1283
1267
1246
1274
1257
1247
1244
1260
1242
1278
1279
1266
1273
1251
1248
1282
1271
1250
1249
1264
1236
1263
1256
1280
1277
1245
1252
1255
1234
1265
1281
691
1127
679
1023
1112
544
589
725
1011
1094
1009
1142
576
564
1139
844
812
793
1231
467
1159
870
496
765
1202
833
822
890
1208
943
1006
1074
618
438
562
694
493
1174
797
1007
800
879
458
485
600
1034
640
974
920
495
641
482
1156
683
1050
549
1222
816
508
533
481
1106
1126
995
682
1225
1116
747
677
965
631
555
811
1118
1227
1040
1226
511
655
1110
658
1183
972
994
1092
529
823
959
762
680
1048
839
455
595
1103
437
1004
951
1185
1160
578
877
840
487
910
505
805
1029
543
1154
742
905
780
727
1204
779
976
988
763
615
778
824
1123
1117
955
1163
534
1077
1097
1067
519
818
597
558
813
821
862
1002
1049
538
463
447
1083
1032
1099
746
723
985
1146
1153
720
614
642
901
1020
807
1087
760
981
602
612
587
796
1056
1148
907
932
820
850
663
1039
686
754
452
726
1201
948
767
1043
644
441
516
454
913
1129
1205
846
1128
1080
1194
946
443
619
781
806
1015
1131
582
483
1150
753
445
1095
848
774
986
908
484
439
662
875
1186
873
1167
1179
654
935
925
693
1177
977
604
1130
919
671
507
474
852
798
896
1178
522
958
554
1035
1228
652
868
1059
849
1069
715
1138
591
700
1232
772
1158
1088
825
889
1003
1036
624
964
1108
633
1182
588
608
947
1045
500
835
737
666
993
1111
924
975
518
1078
710
952
1070
1190
1044
768
653
527
1114
497
1189
476
1113
1223
739
560
1192
867
857
782
881
748
814
638
646
1196
790
1052
1105
1144
703
540
1115
769
1157
1073
586
551
777
991
883
719
1054
1173
1058
517
1221
859
741
1086
523
941
547
695
1229
704
906
942
462
864
709
1175
1216
1132
637
786
1091
664
931
795
667
594
701
690
886
581
827
532
1047
817
1046
1166
832
1014
552
1000
706
605
1026
971
606
758
459
1098
912
722
1169
513
1017
1085
865
836
557
837
764
634
524
940
1145
949
590
647
705
819
894
583
882
676
885
613
930
665
979
1164
592
957
1053
1134
744
874
687
1195
1207
828
1089
1219
1172
702
914
1165
601
528
1022
661
707
674
776
1008
504
770
1010
575
721
669
572
716
627
973
659
607
1197
536
530
966
501
1124
548
464
515
926
1211
1137
673
451
732
492
967
936
928
489
724
535
871
466
1151
950
854
1206
984
571
736
499
1209
1025
1104
616
872
749
929
831
1135
1072
440
998
468
711
712
808
911
491
861
471
460
834
1064
577
559
878
512
521
858
502
632
897
830
1060
1162
449
531
1081
887
961
1188
542
918
1180
1230
509
593
787
1161
1170
1136
845
520
791
804
1215
435
537
969
498
1068
1084
714
1041
829
526
617
880
472
456
596
954
573
799
657
962
610
436
1021
629
921
970
1152
853
1051
584
888
1119
775
569
933
1133
740
891
900
759
915
692
815
1218
479
1037
809
473
480
598
506
553
866
1062
745
510
490
1220
939
1024
685
773
1141
898
904
869
1143
1109
738
1038
514
934
1082
876
1005
684
751
927
599
826
444
792
1171
556
1212
628
1210
1093
766
609
525
1066
922
893
1102
1200
643
453
1203
982
983
1013
1176
1063
546
545
457
755
992
917
698
672
789
1031
630
895
689
550
1149
1125
494
1018
477
651
989
688
1076
734
488
570
938
478
856
1191
803
1140
713
660
847
735
978
566
884
1147
1184
810
996
802
561
568
980
469
1122
1071
743
1075
863
784
1101
450
990
611
252
364
99
312
264
68
260
81
86
141
197
126
253
396
239
275
270
206
211
192
235
291
415
96
345
430
315
56
143
204
353
369
429
132
397
113
101
347
262
278
191
87
218
189
432
348
83
319
38
196
209
105
402
250
274
413
257
147
335
276
406
214
384
287
326
2
416
234
8
272
11
431
391
361
233
89
419
304
404
3
42
356
90
269
50
261
174
5
337
55
398
376
374
411
182
371
20
328
301
63
237
198
106
330
245
193
349
200
30
137
28
405
167
116
199
43
256
215
194
241
14
321
363
121
10
300
339
254
184
352
434
351
217
123
389
216
240
140
129
246
79
344
365
210
103
163
125
158
305
52
320
383
180
149
414
25
91
277
187
45
425
322
138
232
283
341
428
82
295
93
354
327
53
392
309
21
23
203
114
168
368
128
375
342
367
331
378
107
258
75
222
212
317
350
117
122
422
313
1
188
69
124
44
424
166
32
355
220
160
77
296
170
51
299
183
289
6
427
148
84
80
157
37
205
248
73
223
17
387
311
190
40
95
426
135
92
395
423
146
164
186
400
373
418
71
227
340
127
153
161
39
61
119
134
226
208
285
9
385
412
64
76
65
288
332
243
393
316
329
133
366
230
46
139
255
41
282
169
381
179
171
111
152
221
47
408
308
336
202
334
178
314
26
280
15
421
292
151
249
407
185
325
98
130
297
18
273
420
268
263
201
390
97
54
7
306
48
346
357
131
112
145
176
333
13
266
380
12
66
372
118
362
271
307
377
16
24
172
31
360
162
49
150
110
386
195
286
35
173
154
229
417
0
219
338
224
115
324
34
259
57
409
33
60
410
242
142
4
343
401
67
