1457
1446
1460
1397
1403
1371
1333
1287
1248
1284
985
638
604
872
1137
918
1219
1113
850
797
968
1012
1072
672
643
526
1192
1085
1152
1020
560
1162
991
569
669
499
943
953
467
841
835
986
789
650
640
726
183
390
54
317
111
337
388
239
363
113
75
318
241
381
64
42
365
95
263
58
1447
1433
1428
1431
1434
1450
1392
1367
1365
1370
1391
1361
1352
1342
1323
1307
1295
1311
1253
1234
1246
1263
1273
941
1118
961
488
811
474
1061
992
1087
1117
1010
899
844
923
1068
485
1218
723
1146
443
849
804
605
538
627
900
745
848
493
480
1013
754
633
1167
876
616
533
944
771
619
877
930
576
1004
970
770
1018
813
896
1025
1116
705
532
955
670
755
1077
977
554
873
634
936
777
559
808
658
1204
1230
486
681
1221
596
439
828
978
706
908
1151
574
514
23
56
333
314
155
230
143
214
338
60
10
132
195
392
266
359
384
307
70
152
327
269
85
378
108
430
345
256
249
207
194
97
428
285
329
371
52
308
397
402
71
344
352
315
1458
1445
1437
1429
1470
1455
1422
1425
1421
1463
1456
1448
1430
1424
1436
1442
1454
1471
1418
1467
1438
1459
1420
1440
1451
1432
1472
1464
1441
1462
1468
1419
1444
1466
1426
1461
1443
1452
1449
1465
1423
1473
1453
1469
1439
1435
1427
1364
1382
1406
1414
1381
1415
1412
1389
1368
1416
1402
1398
1409
1410
1417
1375
1362
1395
1388
1373
1363
1360
1408
1355
1366
1413
1378
1374
1401
1358
1376
1405
1359
1400
1357
1379
1377
1390
1411
1384
1386
1407
1383
1396
1385
1369
1372
1356
1354
1387
1394
1393
1399
1404
1380
1320
1350
1351
1349
1339
1319
1344
1348
1343
1332
1336
1324
1345
1335
1346
1337
1330
1338
1327
1340
1347
1322
1334
1353
1321
1325
1341
1331
1326
1328
1329
1298
1313
1292
1299
1302
1304
1315
1288
1290
1314
1296
1309
1317
1291
1300
1318
1306
1285
1301
1286
1297
1312
1303
1289
1316
1293
1294
1310
1305
1308
1270
1243
1235
1259
1242
1249
1244
1262
1247
1269
1268
1264
1274
1275
1241
1271
1283
1252
1282
1240
1239
1254
1238
1267
1276
1236
1258
1245
1255
1237
1277
1256
1280
1265
1257
1233
1272
1250
1261
1251
1260
1266
1279
1278
1281
1039
1211
897
498
678
989
1149
889
741
920
945
1114
1121
520
1088
1210
791
1165
903
1130
784
685
739
963
1184
453
456
1029
819
1030
537
1105
530
587
951
851
794
671
584
1213
551
919
504
1063
738
909
610
880
1067
1110
440
1027
620
752
581
1006
995
1042
645
680
470
621
972
1007
774
1226
735
1095
1145
636
462
455
585
792
515
1144
459
862
1052
954
1081
577
969
568
1054
724
1090
817
1197
902
787
836
775
444
647
858
924
563
438
602
1198
702
550
746
805
529
950
971
615
883
571
594
1023
608
818
660
593
541
865
958
796
501
1026
843
468
1138
1132
825
1093
894
901
505
914
542
785
534
635
993
981
1203
716
1092
565
698
509
667
674
592
878
436
656
1101
1083
1096
1074
837
942
720
567
676
1161
824
788
916
572
938
606
649
730
929
688
1166
665
508
1069
948
809
548
1176
867
721
1195
887
1206
1207
689
934
912
651
1224
465
729
540
722
694
1115
1209
1159
588
965
591
653
623
490
884
1047
904
756
630
1227
737
628
976
1216
1126
810
703
637
511
1142
1060
1008
1000
838
885
997
1120
1037
641
1076
583
1223
806
709
1016
642
996
1168
859
765
652
477
856
449
622
632
827
1017
450
949
1049
677
517
925
815
1201
816
666
1065
814
469
793
697
1214
1005
683
472
1183
497
744
990
487
1164
519
718
758
939
1189
561
966
822
1133
1170
921
956
1196
579
475
1033
556
1148
601
913
861
892
854
801
586
962
471
516
832
1071
1041
871
687
1053
494
866
708
875
927
1122
1021
609
933
764
717
1078
937
463
1123
742
512
699
994
1045
786
713
740
1187
761
513
1212
1070
1009
1094
1028
558
1073
693
911
772
654
715
1011
974
527
840
831
525
852
1141
860
1215
1232
1185
915
1163
543
1075
987
946
845
690
575
1032
580
910
448
1082
531
1188
454
507
1084
1112
725
926
603
747
668
447
1139
1155
766
998
712
437
932
821
1062
657
922
675
679
553
1231
607
823
524
1080
1103
802
888
682
748
549
731
864
1048
473
648
870
759
988
528
868
1111
1158
847
842
959
1220
483
617
881
479
522
1181
1182
795
820
728
1044
839
481
1066
1157
664
1086
1136
829
1174
857
662
882
1079
940
1089
743
624
982
812
1002
535
905
869
464
736
984
442
566
503
1186
546
684
510
749
1035
917
484
590
618
1057
500
552
704
1024
523
767
719
732
1135
1046
557
1100
1051
855
1225
1171
1205
521
564
714
1128
661
1229
834
495
491
760
830
1019
1091
1208
886
707
769
1173
1217
1179
1172
779
496
947
1129
1190
695
898
1031
639
1177
663
570
1125
1036
1043
874
893
547
1106
906
826
595
1056
782
999
1178
518
780
1191
1001
478
1134
1180
1015
686
967
1202
807
964
734
1050
1059
482
1200
750
957
435
1199
673
1097
502
890
631
1107
489
983
1222
599
1034
853
895
612
1147
1104
655
589
696
1064
931
863
659
600
1156
1108
644
907
458
800
952
1058
545
555
1040
753
776
573
973
773
762
975
536
727
457
476
445
781
1154
461
1119
799
625
441
611
733
1131
846
1140
711
1109
1169
613
692
1160
582
544
757
1153
446
891
1193
803
1124
1003
460
691
833
1102
928
1099
646
452
1194
701
598
1022
451
614
763
751
879
960
935
710
1143
466
979
629
562
980
539
626
1175
798
578
1055
1014
1150
700
492
1038
1228
783
778
1098
597
1127
506
790
768
321
271
395
225
200
414
174
100
236
328
408
310
273
61
136
15
41
139
357
142
83
87
276
289
257
300
335
432
272
32
396
79
278
180
253
133
179
167
309
158
128
45
160
355
3
40
222
325
391
298
62
412
247
14
171
169
376
13
27
418
228
175
8
413
254
242
336
280
156
17
19
270
131
22
93
372
150
33
377
299
178
191
82
312
295
130
35
151
286
354
48
420
36
55
69
77
279
135
5
65
68
109
358
419
125
213
349
362
172
387
145
116
110
74
157
92
361
78
29
400
313
277
421
369
28
260
251
281
197
431
302
288
398
206
25
275
255
221
416
259
244
238
407
44
383
409
4
404
220
283
141
427
190
233
159
212
347
306
405
88
67
346
237
417
374
189
129
370
138
120
199
304
322
122
287
252
434
231
265
291
46
104
193
165
245
72
170
39
311
248
146
226
11
339
124
80
229
162
49
425
386
267
208
90
98
368
219
375
426
296
119
137
261
360
63
147
96
76
379
154
103
433
367
243
410
292
115
182
153
293
51
216
380
209
326
123
94
127
227
164
21
84
81
403
290
389
332
121
144
148
177
106
215
393
268
166
246
185
176
168
202
385
204
117
401
105
234
186
203
91
0
356
114
411
149
163
192
34
187
294
366
240
211
348
424
1
26
188
232
301
351
422
330
334
201
373
262
350
235
218
181
16
102
343
57
319
196
6
264
364
341
184
118
406
382
250
12
340
224
198
31
161
282
37
38
205
320
24
331
7
297
18
53
43
126
399
305
66
89
9
323
415
429
50
73
316
353
134
258
284
47
210
274
223
20
217
140
423
303
394
2
101
107
342
30
86
324
99
173
59
112
