579
69
521
738
861
698
182
312
870
904
842
964
341
967
503
868
430
1024
63
91
419
116
496
163
815
760
714
320
103
437
961
953
702
66
1001
518
337
592
411
106
783
76
526
932
138
828
447
413
462
482
744
568
789
371
814
718
880
355
345
928
190
330
429
516
393
1011
1013
898
181
300
806
1030
774
788
268
604
218
277
228
666
249
215
273
278
4
661
617
671
14
260
650
663
22
229
695
1049
766
724
513
316
733
876
849
872
488
191
1002
843
1034
580
515
888
416
487
780
403
979
549
562
820
291
389
821
188
911
566
407
148
883
556
354
810
433
111
374
525
309
65
290
999
703
84
324
757
725
885
192
583
829
524
295
387
339
125
325
509
933
494
998
155
50
794
797
110
857
396
458
141
408
748
62
370
701
943
492
1026
81
206
689
262
674
609
626
232
8
212
606
244
691
651
647
683
0
210
676
2
239
236
216
631
908
80
886
756
397
440
502
145
59
973
907
107
963
572
51
993
784
551
990
169
1040
723
168
322
456
957
597
150
790
1016
540
1012
834
386
805
350
778
817
1019
56
436
1045
896
1029
358
765
184
758
537
514
968
594
531
129
852
977
342
770
425
978
746
925
900
75
431
734
1050
512
510
1033
457
1000
417
705
448
349
165
500
931
940
779
1036
376
338
296
877
180
807
800
887
130
485
108
1031
873
599
445
581
984
1017
721
550
195
313
945
916
162
910
584
862
142
327
363
981
855
303
499
480
722
1048
838
554
1006
704
166
950
808
858
468
463
359
331
68
574
127
293
824
892
535
112
58
117
891
156
97
927
174
1042
983
323
991
294
375
159
498
786
493
972
548
178
366
775
1023
308
473
115
326
884
761
357
865
995
511
743
801
173
410
905
158
460
782
196
708
994
996
151
866
1039
176
720
875
297
89
497
94
134
823
826
767
365
380
969
561
298
449
793
55
373
318
424
484
799
860
985
44
777
109
1037
878
391
472
427
476
539
451
102
187
390
450
99
139
353
987
418
307
459
523
1043
64
763
534
982
361
519
716
538
490
529
853
587
60
588
311
879
752
1007
61
82
822
132
52
185
154
755
934
315
507
803
172
144
310
352
881
590
415
113
787
1044
505
186
522
384
729
306
335
850
137
747
965
95
906
715
135
751
346
466
845
753
114
368
899
942
818
483
728
197
405
402
377
119
795
140
974
558
489
764
577
302
949
423
917
570
836
962
812
412
856
882
966
889
131
347
394
830
90
578
859
469
895
555
392
785
1018
122
596
444
918
929
919
773
847
1003
305
848
362
924
382
946
454
321
471
452
170
364
762
825
742
914
730
727
854
922
802
453
124
464
1005
1038
441
707
839
844
157
1047
952
923
467
71
474
123
955
971
128
593
491
517
177
288
700
893
461
585
576
126
841
92
420
840
475
726
935
372
771
385
383
1020
989
941
149
791
147
710
948
894
438
709
57
399
175
340
183
292
565
939
434
400
563
1021
45
915
1025
913
1046
912
319
731
1009
986
737
532
381
717
314
926
48
495
344
736
980
348
481
478
1014
304
179
477
301
98
944
49
401
903
560
546
72
712
465
153
136
289
432
343
559
379
105
336
951
367
598
719
890
1028
428
713
954
769
909
958
813
435
867
101
329
479
409
863
937
78
832
100
54
564
47
739
439
809
992
194
573
118
1008
351
317
542
699
93
189
96
960
160
83
837
827
557
328
520
921
851
530
816
88
86
543
545
798
1027
133
406
504
333
404
901
152
759
143
569
53
369
741
120
970
426
198
567
199
536
947
930
332
938
936
897
959
527
975
1032
164
552
811
70
776
920
553
846
595
422
74
360
146
414
421
544
446
378
833
79
869
528
193
768
67
547
804
792
835
750
781
586
772
819
334
398
121
796
541
582
864
1041
533
988
77
395
73
749
167
706
745
104
470
443
356
902
874
161
571
732
501
46
455
442
754
740
831
486
1035
299
591
1022
976
1004
506
87
1015
575
85
997
171
508
871
735
1010
956
388
589
711
231
223
685
20
234
659
31
662
26
615
32
613
624
12
697
257
224
248
221
641
284
202
266
18
259
602
635
680
679
24
285
646
686
640
648
219
618
620
253
10
211
630
235
603
632
34
250
208
204
203
643
675
677
673
21
274
652
23
267
669
42
286
688
280
611
600
207
684
238
692
41
612
655
654
287
282
246
200
38
209
601
653
269
608
639
668
205
16
7
681
636
623
3
664
227
1
241
657
243
605
252
682
628
625
690
281
665
15
667
230
649
245
607
644
35
693
272
283
39
30
279
13
614
40
678
658
225
5
220
17
213
672
242
645
634
25
19
247
256
696
201
694
37
265
255
217
9
638
214
29
610
6
264
627
271
258
660
237
233
656
28
270
222
687
36
226
33
254
263
637
670
11
27
261
616
251
619
240
622
43
642
633
275
621
629
276
