1034
397
750
863
449
703
944
715
930
729
481
561
894
1044
796
96
973
795
308
1002
83
423
473
187
364
713
500
130
778
551
720
489
521
191
48
839
912
104
582
307
62
493
380
712
547
885
478
344
157
77
819
900
991
995
124
442
415
404
345
800
918
504
890
456
849
838
300
1042
814
949
945
314
512
169
696
660
287
208
692
665
34
637
266
609
611
13
6
613
617
622
271
683
243
224
252
910
699
966
552
846
69
472
906
1025
490
505
329
747
549
1045
532
867
103
544
539
935
348
144
82
1039
758
968
826
905
392
939
452
158
801
309
47
818
571
879
312
804
149
780
975
90
1012
588
798
437
182
192
540
63
548
732
374
528
516
860
1019
596
407
56
507
337
871
84
110
463
929
439
367
420
788
598
830
81
376
406
584
723
553
15
32
274
675
211
612
667
21
38
1
22
684
673
257
605
249
4
633
283
668
17
286
5
526
793
128
748
491
702
156
65
971
585
868
721
488
354
66
172
988
937
895
575
560
388
923
579
952
299
934
797
719
445
458
482
857
494
115
877
768
704
389
443
967
976
321
785
306
567
352
515
80
486
700
186
536
111
840
55
350
360
806
897
160
51
872
836
568
728
1003
351
470
756
907
150
426
359
181
435
431
844
455
112
812
347
127
791
983
71
874
140
325
917
1040
994
957
813
363
175
1009
159
999
152
862
880
362
189
170
324
876
291
1020
891
746
760
385
517
1015
120
98
946
743
185
1029
1016
514
593
854
133
799
509
1047
737
145
954
447
1037
372
384
740
950
313
78
430
850
1035
61
948
1004
422
714
361
196
142
97
135
460
153
506
698
766
139
574
330
892
545
383
823
469
842
74
537
731
706
72
105
556
64
786
829
289
751
198
901
986
770
974
825
45
808
440
141
936
296
446
339
530
403
520
487
833
122
161
997
893
963
381
199
165
883
955
413
73
302
943
441
535
116
815
570
336
835
947
136
1041
338
316
401
1023
190
1028
927
921
792
391
503
52
564
771
177
333
1024
137
888
429
123
483
701
589
761
856
434
444
86
295
996
454
924
421
408
335
166
707
1000
554
346
92
817
961
581
903
1011
119
465
178
524
349
113
331
1048
50
566
75
180
965
1007
759
803
91
774
173
790
327
508
358
990
485
322
375
928
558
909
775
523
580
942
167
107
373
399
163
1050
749
58
1018
49
328
132
734
378
992
519
869
143
474
590
772
293
527
926
851
117
953
764
875
499
424
353
171
44
100
933
727
1036
932
978
179
765
416
427
979
1013
705
802
1022
878
716
497
853
477
956
821
858
805
1014
193
174
811
787
972
984
998
60
938
916
467
417
807
480
394
168
1030
46
837
555
146
311
53
828
913
940
824
59
125
987
543
294
147
777
76
925
319
899
93
752
852
873
197
755
522
495
340
822
915
794
730
970
162
525
154
989
148
757
887
511
101
896
396
920
450
919
864
382
898
326
559
577
782
412
501
183
861
964
711
962
398
370
1032
134
708
365
151
393
79
1017
745
70
1043
471
502
510
981
305
911
315
106
576
484
744
318
763
356
834
95
599
776
848
573
914
1027
709
722
881
496
742
317
546
969
438
902
562
109
980
297
951
855
741
418
341
733
54
941
290
781
569
99
369
466
831
405
1021
432
779
89
810
886
816
843
859
717
595
121
993
538
841
459
155
411
67
982
195
908
550
563
371
557
762
118
1010
586
870
464
410
129
395
1049
108
958
866
476
738
194
578
320
288
342
591
402
592
409
366
977
68
583
597
184
1001
531
304
387
820
725
865
904
138
436
334
462
529
534
479
85
131
572
57
451
448
518
453
386
292
301
784
542
735
847
428
884
1005
188
845
164
102
377
498
767
1008
433
355
425
736
587
959
357
343
718
368
710
1026
461
414
882
1006
541
475
533
832
468
773
809
419
754
960
724
513
88
303
323
1031
176
565
390
769
298
931
492
400
594
1038
310
332
783
1046
985
753
94
379
922
789
739
126
726
1033
827
457
114
889
87
258
649
269
689
640
628
618
238
273
285
218
655
697
645
614
277
658
248
662
26
282
28
267
647
608
12
215
600
221
210
35
230
666
23
11
610
216
265
209
631
263
648
632
33
217
212
203
261
270
639
688
638
672
678
231
225
687
629
669
634
281
3
0
10
619
603
19
220
240
245
242
39
694
676
627
656
264
237
679
674
601
690
664
219
244
41
686
691
602
241
8
200
641
659
27
229
42
253
235
635
646
214
680
213
615
624
222
670
24
255
272
254
205
259
36
232
650
206
671
251
256
621
204
246
623
685
43
30
625
677
40
275
604
7
31
37
652
681
18
663
234
201
226
236
606
260
250
661
642
284
280
654
239
695
228
607
276
643
247
651
9
227
207
657
233
202
2
682
626
25
14
268
616
278
279
20
644
29
223
620
262
653
693
636
630
16
