299
108
890
514
438
170
969
1019
573
735
795
584
957
117
171
875
506
938
788
767
111
52
581
496
541
314
337
911
175
582
588
991
903
750
699
130
59
1030
411
906
936
522
81
418
436
734
381
151
542
974
536
351
120
463
402
50
406
952
518
785
365
883
813
823
473
157
160
482
740
861
422
837
730
559
625
688
3
26
644
613
680
14
232
257
686
225
645
204
657
282
8
31
676
616
605
768
446
896
583
68
1045
1022
554
185
852
556
920
827
534
413
1043
161
415
195
929
460
808
908
110
162
133
575
871
800
968
715
57
865
302
553
751
98
586
918
959
755
709
1015
995
478
290
513
101
397
1032
44
978
132
150
917
499
96
864
743
855
348
520
733
1023
165
371
58
770
363
574
535
964
141
451
874
543
567
729
370
907
570
789
649
694
39
637
223
678
283
17
37
266
648
662
272
670
636
13
34
201
209
32
606
604
220
593
466
790
124
1006
410
822
343
891
66
184
1020
868
971
67
753
454
839
571
1038
305
1007
72
594
458
851
736
80
423
433
538
727
426
766
155
148
135
1040
388
592
490
782
769
742
390
756
527
373
116
462
377
793
63
441
831
956
761
121
876
149
178
61
826
820
376
292
472
1009
500
834
459
970
774
809
84
1005
189
166
382
895
946
391
746
539
440
847
866
360
335
902
199
973
775
881
385
163
940
983
312
378
781
340
316
315
954
913
525
105
1044
810
723
336
138
396
508
476
925
320
153
297
758
509
368
480
517
159
455
95
317
523
487
986
424
142
516
744
923
528
1042
700
919
776
430
428
92
412
147
190
551
494
131
1039
719
988
341
716
853
784
497
333
47
83
563
323
357
94
405
71
355
578
75
880
461
395
74
495
722
1001
154
54
904
156
927
844
358
942
79
447
498
557
985
319
62
289
339
386
442
765
931
380
483
843
1013
198
100
126
97
158
928
565
945
298
1008
595
778
737
846
485
725
965
515
772
870
470
453
53
330
862
125
1018
537
590
807
1037
102
704
951
836
421
934
560
882
1000
555
1033
976
909
325
867
452
711
1031
450
963
916
922
387
549
465
359
1003
1046
972
825
186
937
501
306
979
445
344
762
327
1024
414
511
1029
701
326
1011
122
307
174
814
145
998
812
408
180
321
187
310
78
728
521
308
356
771
144
366
914
596
718
137
146
77
524
464
849
889
510
389
444
87
55
745
425
318
950
169
806
334
707
46
531
966
580
962
407
56
572
912
943
176
780
505
167
375
857
905
717
894
443
119
786
877
349
313
86
797
417
1036
818
787
748
577
710
331
802
193
955
901
192
427
530
792
93
367
51
898
1025
944
82
89
712
152
731
873
467
291
392
1049
546
724
393
196
819
550
967
526
90
994
109
869
990
1021
353
1017
747
977
579
350
558
953
791
49
489
136
420
322
345
342
760
1047
369
300
475
173
562
419
958
544
757
404
587
197
140
311
764
104
947
384
519
832
835
924
309
838
566
981
548
828
841
296
597
401
383
884
842
474
352
191
399
854
960
698
982
773
73
892
361
926
398
706
507
301
803
354
69
599
70
469
194
103
879
568
794
910
127
941
394
899
504
488
435
763
484
589
168
739
552
432
987
76
400
993
1016
143
45
915
112
416
294
801
64
431
1004
181
569
859
805
533
1014
295
177
532
777
65
860
304
992
182
961
492
1035
721
486
107
477
863
429
741
115
949
479
481
324
897
933
471
468
714
997
183
713
921
332
561
456
379
815
362
939
129
512
829
449
886
830
779
888
329
930
493
1050
935
948
798
980
328
1041
996
738
439
346
932
858
1026
85
60
720
754
816
749
811
817
545
845
106
708
564
752
457
288
885
293
540
164
1010
434
732
591
374
1034
303
372
833
872
128
172
975
403
409
576
139
364
437
804
547
850
491
179
840
824
1048
48
1012
759
503
984
99
1002
999
502
598
726
113
705
878
91
887
848
703
123
448
347
585
1028
114
88
900
989
856
1027
134
702
188
821
799
893
783
796
529
118
338
646
674
276
692
249
9
218
222
203
271
667
242
609
673
265
665
247
248
255
234
274
22
624
697
212
652
226
207
233
650
654
663
16
651
1
208
24
620
608
253
12
28
211
660
224
629
607
36
221
638
286
656
634
628
621
614
269
240
275
610
690
693
4
33
214
261
618
43
238
611
230
236
202
20
228
622
215
262
29
40
287
639
631
602
278
623
243
256
643
11
213
18
259
277
641
267
687
258
210
689
260
658
10
661
263
281
672
239
30
25
627
626
41
0
668
206
244
630
250
632
15
229
695
5
696
600
268
270
273
35
264
683
6
252
617
642
42
601
7
216
666
227
245
38
23
217
675
635
664
235
647
254
633
619
679
603
685
677
655
200
285
671
691
231
280
284
615
27
669
205
682
279
2
612
241
659
219
19
21
684
653
640
681
251
237
246
