136
510
419
824
746
843
355
912
541
478
320
392
580
963
1035
941
91
155
904
402
699
505
765
955
461
482
909
367
195
793
983
995
294
90
557
407
987
1017
546
147
348
736
968
302
463
319
977
744
107
973
445
196
47
917
466
827
866
49
891
720
470
545
794
792
723
456
935
373
593
298
564
982
194
450
692
681
668
275
608
274
646
628
1
249
251
697
225
604
642
35
14
29
24
680
690
190
919
474
848
791
577
878
1024
119
555
851
131
297
710
833
386
56
808
831
560
327
58
803
1047
959
371
861
724
140
1043
901
945
485
289
315
62
368
984
927
1004
110
341
311
817
1049
447
900
883
990
742
698
1044
800
559
587
495
437
876
168
433
956
562
739
907
905
351
836
584
729
73
840
985
198
790
942
501
770
395
512
846
1045
135
677
36
673
200
676
647
262
18
202
670
13
221
672
606
627
16
615
203
287
619
662
28
261
103
186
65
547
504
78
92
1040
185
823
810
789
359
754
499
75
467
381
160
929
403
67
436
845
149
50
972
169
489
558
187
102
522
94
879
171
734
832
952
962
897
468
85
740
177
933
116
822
1042
721
532
296
780
145
484
717
581
142
292
424
333
82
45
480
384
324
811
967
918
336
921
1007
718
884
162
583
751
1009
705
992
530
366
308
813
176
514
426
524
390
517
411
96
369
938
536
769
1005
738
435
1027
446
389
863
498
1015
950
141
434
415
518
130
715
380
732
761
293
374
507
860
175
153
554
816
568
454
873
886
535
834
299
134
114
573
1011
539
59
451
118
98
492
328
856
885
712
785
408
858
588
81
347
350
113
586
553
508
988
70
948
60
830
339
970
937
778
1023
344
496
957
706
316
72
120
898
812
890
799
121
472
398
747
923
768
148
971
511
965
552
1026
391
291
363
52
431
502
711
976
519
591
969
893
821
64
481
87
964
787
975
868
358
574
423
527
337
125
930
441
164
449
409
925
908
418
465
865
89
777
773
733
93
752
915
394
326
490
307
913
1010
290
1036
455
872
1031
520
940
288
809
797
421
807
301
572
422
999
182
757
707
353
181
590
894
920
727
170
849
1025
400
192
464
1033
487
521
1000
133
887
397
1028
533
594
1034
802
991
459
1003
534
978
387
543
748
53
109
888
538
199
497
714
847
378
1041
949
506
106
998
44
197
582
762
906
713
483
1050
953
814
889
379
934
563
986
137
318
585
55
910
438
914
932
871
165
112
924
1006
429
399
166
599
352
163
766
570
567
382
826
781
452
77
719
66
728
370
161
69
158
784
569
345
589
375
767
902
571
926
401
317
100
509
565
526
596
414
838
528
947
597
755
529
549
737
702
306
786
295
193
396
469
708
996
486
782
413
430
795
1016
1014
179
412
853
943
362
300
83
340
129
330
820
471
180
84
772
88
775
101
1048
576
357
157
867
54
458
361
151
595
516
332
944
875
154
406
86
127
111
364
839
405
709
1013
404
859
841
462
722
730
731
360
304
857
105
126
758
500
993
880
146
916
312
305
132
896
346
835
138
191
334
1020
806
354
939
701
870
444
493
372
57
1008
99
960
338
183
544
741
108
837
892
745
323
61
440
184
895
428
561
473
104
743
488
804
537
63
329
448
416
958
331
1001
410
756
1019
980
575
189
931
579
174
439
966
178
48
850
548
852
383
703
325
349
776
95
310
68
139
882
877
726
788
759
979
503
479
951
578
417
74
994
750
566
385
115
309
420
1037
818
760
523
531
764
796
946
453
997
825
828
798
854
377
393
144
540
598
936
1038
314
79
476
442
156
491
494
152
76
167
551
432
365
159
725
771
513
862
46
779
829
801
783
123
542
855
515
842
122
749
1002
475
1022
172
356
903
922
869
457
313
477
388
874
150
1032
700
592
128
716
124
71
143
989
981
427
805
815
1021
961
864
80
556
376
1030
117
844
1039
173
550
899
753
735
460
774
1029
928
704
335
51
763
425
954
443
342
819
881
322
1046
188
911
321
303
343
974
97
525
1012
1018
210
263
655
675
201
20
613
645
658
696
614
26
22
282
241
23
650
243
232
625
653
612
267
685
629
247
259
39
660
34
6
31
601
602
9
689
226
42
7
271
5
270
207
634
657
280
679
237
43
666
255
665
607
8
216
286
630
208
623
11
609
603
250
228
227
620
600
21
626
678
639
636
617
41
204
25
644
693
268
217
272
235
224
256
40
245
688
654
252
684
2
0
632
694
643
240
233
683
236
19
242
624
38
669
621
605
32
205
635
631
664
618
231
27
651
17
3
674
215
214
637
30
12
283
209
279
611
254
686
213
649
682
238
222
234
640
211
661
229
219
276
266
246
663
248
610
648
616
212
260
253
687
641
273
638
206
278
244
281
15
656
285
10
691
258
667
33
223
659
695
4
622
269
652
37
218
230
277
671
239
265
284
257
264
220
633
