746
452
928
420
414
154
324
457
515
330
702
945
401
101
171
983
90
540
145
70
100
121
574
358
935
701
962
872
464
142
77
552
1007
591
955
382
129
880
730
310
336
914
448
302
57
772
926
940
762
50
777
94
334
524
48
383
806
946
408
735
132
175
472
423
477
993
724
882
1023
306
539
536
372
127
211
212
645
696
268
649
607
1
627
675
245
230
34
269
265
601
604
631
646
215
26
719
731
301
136
949
788
396
759
865
901
570
587
805
485
346
709
845
595
193
893
74
894
181
561
433
461
380
710
323
941
741
586
517
436
1039
161
305
65
119
409
375
64
768
831
489
555
856
713
482
69
80
478
165
576
481
355
766
364
458
130
109
120
706
1001
460
1018
160
167
62
153
907
81
52
496
388
451
137
980
191
597
912
833
642
27
216
620
652
227
613
259
19
274
616
22
681
630
632
40
605
644
663
210
29
688
214
178
1024
944
775
403
108
309
333
134
340
832
987
494
1027
195
1032
1028
159
122
773
465
353
190
113
296
84
705
533
413
774
1025
462
1006
166
1021
545
566
781
85
495
803
58
992
1031
194
598
428
557
400
1030
738
951
351
716
75
847
723
592
855
398
183
317
789
480
307
770
804
714
739
954
886
800
979
923
149
88
829
493
796
418
846
793
376
740
582
760
514
876
474
97
753
985
162
891
399
761
143
95
411
825
933
170
742
49
147
426
430
861
564
807
1046
824
580
466
799
936
133
288
197
314
568
808
594
756
1015
729
116
748
875
892
405
370
887
60
504
563
794
874
584
112
321
369
421
763
488
849
483
920
46
366
356
911
444
903
379
150
357
106
131
503
486
776
87
385
300
402
343
117
492
589
751
381
550
1049
299
1003
371
995
365
755
588
969
986
384
720
374
1047
429
89
915
473
419
981
1002
68
1044
957
511
126
59
180
553
140
157
982
752
988
1050
506
765
721
973
338
725
174
82
809
814
509
750
784
939
66
507
930
818
362
78
569
703
544
950
1012
879
850
471
189
73
111
554
123
1005
328
378
593
937
53
902
86
173
908
699
779
463
590
522
326
905
968
526
1029
141
888
1043
780
820
470
440
896
791
974
128
505
368
585
728
899
348
182
415
722
548
828
826
994
1026
1000
1045
792
1016
718
1022
883
92
529
45
795
1038
932
727
813
479
337
1035
151
91
1008
56
406
490
869
840
839
155
391
105
1033
790
367
292
573
881
851
449
1036
185
103
83
952
997
835
318
516
443
754
475
958
1041
834
342
868
797
922
176
459
934
453
565
877
115
551
816
487
890
192
830
172
350
512
726
859
541
749
885
289
836
390
822
125
156
853
925
929
1040
407
857
577
827
377
497
298
438
450
518
860
578
842
290
498
783
422
327
1037
484
44
927
148
152
913
104
948
99
975
198
124
910
744
425
291
866
177
863
961
188
737
558
79
898
1034
519
532
1017
361
711
771
712
439
320
297
1020
821
698
537
964
427
599
999
918
432
810
917
500
989
386
538
55
199
158
354
567
575
1010
919
528
312
107
707
854
549
904
332
455
313
581
168
1004
963
325
102
862
812
798
187
745
352
530
1009
520
717
392
442
387
991
316
757
434
978
909
469
734
736
72
139
867
732
596
404
1013
476
823
924
54
843
956
468
571
895
491
525
196
970
308
47
990
817
959
542
733
556
743
322
359
96
341
412
424
858
164
71
889
501
802
938
758
76
138
118
294
870
965
393
534
144
785
446
331
416
110
531
708
971
864
163
787
527
135
786
560
293
431
700
906
972
329
942
998
499
395
523
67
996
441
984
977
715
63
51
764
502
819
873
447
848
184
871
704
943
967
782
513
435
801
878
347
535
114
572
931
916
579
394
976
837
417
547
1048
304
93
747
179
186
815
345
456
360
363
546
410
311
295
953
437
169
303
521
852
373
559
445
349
884
960
61
319
467
811
454
947
844
841
897
1019
339
838
966
921
769
1014
335
344
583
508
543
397
767
315
562
1042
510
778
900
389
98
1011
146
201
687
24
634
32
617
207
653
278
261
18
624
282
14
662
254
204
30
252
669
206
650
270
636
623
694
658
693
43
16
283
670
17
611
633
284
253
610
239
28
217
36
222
220
647
202
272
686
665
271
679
676
264
287
643
5
231
677
244
280
638
659
682
674
697
660
205
225
622
672
641
640
4
35
690
238
678
257
236
600
42
267
639
7
33
615
218
232
200
258
256
12
9
603
277
626
619
255
635
625
664
628
618
25
235
208
275
31
260
602
695
655
8
203
651
41
685
10
251
286
11
221
247
0
281
612
3
226
13
23
691
671
689
273
213
673
250
680
285
20
237
667
223
224
246
668
219
692
608
37
242
249
38
263
21
606
648
657
614
609
6
276
228
243
656
279
229
629
233
621
2
683
39
15
654
266
684
248
637
241
234
209
661
262
666
240
