905
804
65
993
392
778
719
774
354
404
870
935
576
470
809
375
895
913
87
906
381
1018
181
1036
699
419
363
1035
848
421
542
105
953
305
1041
502
100
333
553
177
792
113
52
596
463
586
90
443
135
154
428
500
962
442
460
66
1003
112
193
356
152
174
120
503
97
868
310
342
923
511
706
367
544
60
210
214
208
647
610
638
281
236
10
694
34
600
240
681
659
235
634
238
212
201
660
490
451
398
417
985
357
99
707
557
499
517
858
763
126
597
394
927
1033
312
890
828
901
481
339
761
550
823
159
191
324
289
302
412
575
873
391
456
957
1004
970
943
295
142
308
946
723
424
564
793
543
916
190
119
531
741
889
1043
737
334
969
871
92
117
735
63
125
709
62
296
56
746
958
169
940
758
1034
58
167
1038
909
465
790
270
622
687
2
640
625
239
662
278
260
605
13
611
252
11
207
283
673
29
5
0
608
203
585
101
288
996
710
362
518
160
373
320
950
157
788
806
1001
594
992
390
467
110
956
165
323
487
753
170
867
976
714
359
156
290
745
549
760
364
736
742
861
920
466
755
983
567
329
593
347
998
389
445
768
979
138
306
80
1022
965
725
319
832
450
368
340
399
360
183
366
361
878
506
403
772
431
175
838
556
338
740
47
767
537
931
374
353
358
781
485
411
457
195
378
365
558
172
991
831
1020
383
350
299
928
981
715
371
588
540
994
1016
401
134
919
911
572
865
475
345
703
524
959
822
882
560
826
98
516
856
876
140
448
370
322
139
197
536
115
1021
107
149
415
461
817
438
875
93
798
849
527
966
418
132
546
328
505
565
577
795
845
512
1026
717
936
776
433
743
944
987
109
757
754
840
148
917
949
799
850
734
571
551
716
902
297
934
162
309
507
523
158
533
726
863
388
352
728
346
168
837
955
893
941
522
1040
782
515
88
187
833
925
1028
495
493
904
377
933
877
872
84
161
824
59
344
330
72
478
1000
178
570
133
926
771
44
379
744
477
810
859
1031
801
864
61
1015
425
975
847
155
915
535
385
303
129
315
559
835
775
314
472
701
897
834
196
896
759
479
380
541
313
341
805
166
410
494
462
96
528
497
408
128
948
938
968
929
182
147
580
989
978
1019
724
939
439
298
855
118
1045
50
102
483
561
874
104
405
73
427
291
841
766
45
579
903
520
194
591
819
980
384
581
434
327
764
830
815
78
144
508
963
924
534
702
1010
590
351
1027
83
1006
186
301
548
972
51
400
1050
852
106
192
293
55
143
1014
471
732
304
914
779
846
393
747
977
489
459
539
337
999
921
49
335
150
145
990
46
578
881
700
922
997
562
510
961
807
372
124
1013
827
519
945
888
1048
789
783
780
447
91
954
491
189
468
402
331
423
1047
836
426
476
886
995
318
718
568
89
802
885
77
1011
818
808
437
422
566
332
762
53
300
484
813
720
513
376
1024
869
794
748
141
525
436
382
770
883
986
880
386
85
348
1039
765
738
317
592
114
94
294
971
751
82
786
705
173
75
198
326
1044
501
769
292
844
918
321
951
130
752
416
121
884
960
1025
469
698
441
967
111
343
185
103
176
1008
482
839
95
563
974
64
532
514
812
199
862
122
750
892
1007
538
907
587
116
749
573
712
784
555
492
811
898
860
787
131
589
711
891
521
455
349
464
900
413
814
910
184
1049
773
908
498
599
179
151
473
146
704
894
48
74
526
988
584
57
547
942
414
1009
108
1032
529
336
912
866
453
325
937
530
458
857
598
820
785
163
729
797
406
727
307
708
947
1042
86
79
316
429
574
387
509
68
397
930
67
486
739
853
153
821
420
843
730
595
71
731
984
123
355
496
446
803
171
733
409
474
137
432
440
188
449
722
430
1005
435
796
180
407
369
1030
1046
164
583
504
1012
444
800
127
932
454
1017
1002
791
136
887
554
829
842
816
81
1029
899
713
452
777
756
569
396
825
964
582
545
1037
851
488
854
721
76
395
1023
311
70
54
552
952
69
879
982
480
973
691
228
273
286
242
42
223
665
272
606
27
628
267
220
247
209
614
253
627
650
637
630
620
3
43
41
225
657
14
245
26
266
635
224
646
246
672
692
626
232
670
259
213
202
248
1
683
250
631
254
231
25
623
696
633
679
693
285
215
276
33
656
211
651
666
226
6
636
251
676
655
664
31
258
602
249
265
658
227
35
667
204
629
642
601
695
686
261
685
19
28
643
684
37
200
218
30
674
271
279
618
244
661
274
632
613
275
668
36
682
16
243
9
649
241
268
17
234
639
4
282
20
262
269
604
677
8
654
237
690
678
675
652
7
641
21
603
263
612
12
680
18
280
645
32
15
216
689
38
257
624
219
617
287
616
40
688
23
222
221
609
22
229
697
669
24
663
653
284
206
264
621
205
39
255
619
648
277
615
233
230
671
644
217
256
607
