744
599
337
101
188
976
584
513
376
479
555
832
524
368
122
981
876
295
179
953
780
95
775
852
496
946
57
860
357
324
86
999
292
502
835
514
509
766
864
333
341
704
161
1044
805
885
899
365
110
366
440
174
423
799
956
535
965
737
1005
471
99
763
314
855
154
325
362
370
894
884
192
111
923
870
662
13
606
665
268
206
204
39
218
615
612
230
231
624
679
234
42
287
20
208
17
354
47
1023
895
776
977
847
378
961
552
511
915
52
63
848
315
114
817
528
1021
1020
113
167
913
903
936
73
792
816
150
420
489
391
927
1022
48
477
748
597
455
834
964
187
169
824
66
193
856
328
443
92
408
334
994
815
139
119
359
432
837
596
843
702
828
592
442
120
290
853
935
398
422
463
488
108
910
484
593
317
708
698
568
680
254
647
233
11
622
616
677
253
688
286
666
282
669
205
203
22
40
247
600
263
659
27
126
565
1019
98
90
541
814
993
917
439
822
740
309
344
466
545
586
355
803
966
591
710
590
107
703
515
165
510
533
520
878
831
973
858
569
722
69
1015
866
296
310
1007
158
464
419
804
177
727
713
186
88
109
733
916
897
500
416
774
1010
850
1042
388
301
562
585
840
902
1008
962
433
89
861
715
950
1012
745
180
755
481
297
525
753
144
117
384
988
790
778
581
958
728
833
980
880
85
478
706
1048
128
143
795
345
421
141
908
436
595
371
871
413
493
1025
145
1030
818
437
335
869
967
588
480
385
93
49
797
1033
189
990
536
732
322
751
868
543
844
374
377
709
726
425
971
911
458
75
872
81
495
798
905
948
821
764
1043
155
762
577
747
409
796
951
293
79
105
474
845
1002
926
318
330
711
756
875
138
1017
583
829
921
898
429
124
560
446
1028
54
548
468
288
415
316
465
826
729
76
529
830
851
132
1047
546
483
104
723
163
984
490
350
940
549
438
574
400
532
327
523
900
382
394
963
846
44
768
404
863
1040
793
942
883
809
777
735
933
390
402
987
349
410
181
972
307
578
351
475
512
968
1009
819
939
498
743
71
931
975
431
783
372
985
738
380
299
461
469
352
699
364
773
55
298
168
841
750
185
338
739
741
294
430
347
58
62
190
550
134
730
877
485
982
176
494
67
115
127
160
716
825
731
772
959
91
125
760
289
810
486
492
313
171
770
473
100
135
77
960
428
882
401
346
87
1036
80
527
767
321
102
867
720
118
136
912
540
749
147
172
978
765
572
998
754
938
1024
300
700
1037
450
331
1031
405
157
929
879
1011
82
983
539
418
969
1039
45
399
575
758
459
449
561
467
427
786
518
573
445
554
393
137
802
329
51
1014
491
954
74
166
580
992
701
130
724
1029
522
291
714
893
784
389
499
1038
65
516
470
989
957
156
305
170
887
320
448
441
934
742
789
183
435
598
196
312
571
195
1018
1045
53
152
199
718
537
820
1001
1016
306
937
96
567
519
319
579
924
734
1035
414
995
379
827
918
896
363
164
59
504
1004
517
719
928
794
392
891
323
476
148
417
151
771
544
788
949
407
472
142
116
556
356
594
944
970
304
182
909
996
752
531
112
1006
121
526
836
570
873
859
78
582
395
538
173
487
64
811
761
521
558
456
889
907
383
906
559
153
424
782
1027
68
358
717
444
823
503
353
348
1026
787
103
149
159
932
460
945
396
1049
721
133
941
1050
403
857
566
123
551
360
386
339
303
849
530
557
997
131
781
991
807
72
94
507
813
50
198
191
563
308
812
84
881
757
505
453
411
904
336
952
434
497
839
1003
447
46
943
508
146
576
1046
769
361
106
375
808
725
457
451
343
332
452
779
1041
986
785
547
801
83
61
888
925
1032
454
162
553
534
1034
587
705
920
302
955
947
178
542
501
326
979
381
930
806
462
482
140
974
184
70
564
369
736
97
506
387
311
426
129
342
1000
175
194
865
373
56
874
340
197
367
838
707
712
589
922
397
746
854
791
901
1013
919
862
892
800
412
914
890
60
759
842
886
406
216
652
35
693
649
249
646
627
687
250
32
655
607
31
222
239
38
227
617
240
670
33
229
214
215
663
657
639
209
277
605
656
28
681
245
642
211
26
610
264
256
29
12
3
602
223
604
648
637
641
2
643
262
601
221
271
274
278
1
284
638
686
260
15
691
0
25
692
276
232
695
4
618
273
667
217
628
43
621
631
611
650
259
633
609
619
244
613
200
213
207
10
258
252
285
645
261
685
220
224
41
682
18
280
5
620
275
674
675
690
7
212
237
238
37
678
632
625
651
34
653
8
676
235
603
9
257
246
635
266
644
23
654
248
614
658
689
24
14
634
697
281
668
270
671
228
623
251
629
6
626
219
265
640
201
279
241
664
210
226
36
21
19
694
267
673
242
636
660
269
272
608
630
202
696
236
683
225
283
16
243
661
255
684
30
672
