359
1002
915
317
781
52
575
451
1008
769
87
994
968
85
996
386
746
182
568
766
1037
832
194
480
876
818
978
508
939
476
1003
778
418
565
410
442
1023
425
382
555
709
450
315
830
944
372
787
388
347
825
390
789
725
836
313
899
520
732
928
824
493
753
108
406
79
293
377
590
170
1040
424
184
756
566
16
21
274
235
209
679
680
285
611
624
672
629
255
613
600
641
251
238
34
208
1
747
900
491
865
898
470
474
59
482
481
884
103
1020
190
118
542
855
544
423
335
455
715
321
439
490
102
381
427
727
393
63
517
528
292
759
387
879
549
892
717
847
539
850
561
64
475
426
175
563
550
564
176
1024
70
522
120
785
710
1031
1033
797
166
551
324
51
773
953
1016
195
110
813
477
729
75
419
724
143
196
837
440
1001
962
241
608
4
272
652
273
243
636
632
616
257
640
686
665
225
43
697
212
660
3
284
40
26
979
722
990
950
356
354
772
525
301
712
793
91
820
435
134
907
897
144
501
1043
503
441
768
495
965
997
882
864
1047
1017
296
814
397
61
291
136
173
101
107
982
716
893
93
453
846
592
47
815
987
456
755
172
462
584
437
921
487
483
1036
854
926
67
873
851
119
906
396
157
777
570
358
543
330
154
577
132
365
142
894
449
94
743
916
932
65
771
74
83
786
971
471
943
199
788
558
73
384
97
198
1045
905
598
140
853
878
763
111
307
468
328
911
68
177
973
498
529
72
535
492
750
886
589
500
859
378
571
966
191
494
840
443
976
995
461
314
161
579
538
46
967
178
294
153
469
896
303
829
163
782
509
803
739
510
736
891
472
871
593
84
706
310
909
838
770
185
835
804
858
150
346
367
126
581
596
576
516
360
151
420
1029
833
585
1019
958
162
754
599
875
919
45
100
802
703
55
319
734
534
361
890
711
935
904
473
912
366
800
959
821
553
1000
1006
88
540
1028
434
165
981
368
903
895
409
422
460
304
167
181
1034
548
587
1046
355
130
807
866
446
942
90
952
554
940
541
975
373
1035
714
955
795
325
870
805
951
1022
486
337
187
801
344
1048
348
289
910
1007
985
961
936
89
1009
394
398
340
1042
518
845
489
505
448
385
445
809
478
430
413
761
931
158
779
513
433
799
1041
744
524
326
192
988
131
342
391
179
504
86
403
160
133
881
95
767
841
519
885
71
488
76
351
432
363
741
180
514
822
707
431
99
849
902
718
938
463
353
572
357
188
745
887
145
379
159
81
411
339
333
129
309
124
1026
923
705
713
122
869
877
752
913
991
735
511
945
78
828
941
515
737
44
331
1049
152
852
917
66
512
546
954
332
929
369
537
146
992
972
728
399
407
925
408
121
867
149
48
760
416
930
791
402
336
574
148
156
405
964
860
62
949
993
880
320
533
444
1021
112
594
751
816
726
914
790
698
856
597
963
53
1027
141
823
57
1014
350
531
883
92
1018
811
362
485
701
318
138
77
927
775
757
458
506
496
375
720
135
748
376
556
371
414
700
586
582
888
868
794
1039
796
54
395
523
507
812
305
334
171
290
125
499
464
370
999
311
169
1005
863
457
341
343
164
60
186
109
723
827
699
306
839
738
708
137
155
731
857
104
82
986
105
562
834
780
764
116
322
569
374
983
436
536
300
383
312
848
412
742
956
924
530
327
758
730
168
819
197
591
352
765
989
1011
502
345
933
447
106
323
429
49
595
127
417
438
526
1025
970
721
762
808
421
580
392
749
183
467
288
349
1038
862
189
139
545
174
98
783
810
50
908
454
147
826
918
308
465
193
400
459
484
302
329
1012
719
389
980
704
960
547
567
1004
58
831
466
784
295
733
380
298
901
861
128
115
338
316
798
415
843
80
792
984
114
957
521
1044
889
588
842
123
497
1010
532
573
872
920
817
479
297
776
96
578
1015
557
69
998
702
806
552
364
1050
56
946
969
404
117
452
947
583
740
1030
113
874
1032
974
1013
937
559
844
299
977
934
922
560
948
774
401
428
527
658
18
684
627
683
210
222
237
622
637
10
614
667
271
268
30
623
669
25
265
655
233
617
39
203
216
214
211
259
628
14
609
664
287
677
23
22
205
2
224
261
276
200
240
236
621
604
248
230
201
695
653
689
671
31
12
244
639
204
607
232
17
620
41
642
20
601
692
696
275
263
249
227
247
246
19
38
278
694
691
638
264
250
647
666
29
245
606
657
223
279
602
603
675
619
693
676
229
654
35
615
252
631
221
33
220
626
656
24
630
687
633
207
668
218
625
9
644
618
269
681
612
673
646
663
282
266
206
258
11
661
28
42
267
286
674
32
253
662
634
202
649
688
27
605
678
226
635
0
645
281
5
234
7
650
37
277
215
15
242
262
8
217
270
239
651
6
231
648
36
13
685
256
283
690
610
280
670
213
659
228
682
260
219
643
254
