378
874
1039
842
411
449
975
705
321
788
486
395
417
973
119
82
729
86
543
499
293
730
576
422
873
1006
59
772
348
511
336
978
528
485
557
774
420
909
505
488
532
117
458
112
63
836
984
1010
1007
434
399
880
820
903
916
507
504
817
707
563
736
743
49
944
777
362
851
787
290
865
1011
861
465
831
250
644
622
22
609
616
615
244
254
651
270
225
223
621
281
677
277
239
635
40
23
176
78
584
879
148
779
414
433
90
1023
325
446
830
487
128
792
1038
972
64
492
582
992
58
805
739
913
593
933
526
721
445
737
147
867
442
722
188
869
297
859
556
723
490
129
501
765
597
123
451
573
715
580
821
76
539
981
544
918
585
55
324
926
1046
115
790
714
461
156
153
61
819
139
421
178
300
404
957
1020
121
969
471
754
247
265
695
0
632
242
620
253
637
235
272
231
627
626
661
39
680
636
608
25
229
275
10
919
547
915
955
91
534
423
875
751
574
589
391
512
701
342
1015
954
162
782
816
167
343
590
337
191
379
950
748
825
771
88
318
52
189
850
125
893
524
958
858
840
315
1028
516
355
795
1016
761
393
322
170
931
57
155
303
481
1024
908
144
750
338
450
717
798
922
1005
508
959
911
966
99
575
424
755
438
110
132
886
309
799
855
878
758
1047
852
476
531
848
731
898
473
930
1004
146
899
174
885
961
344
187
95
971
718
824
749
316
50
962
967
118
151
863
764
806
368
154
1021
920
299
441
1041
710
317
773
1025
702
796
704
993
812
150
546
813
372
196
137
142
426
66
1032
537
552
351
312
444
383
124
814
870
172
803
157
936
376
953
127
457
1026
1045
301
983
887
892
288
882
843
841
709
1030
1019
845
994
791
311
65
581
1049
747
427
346
891
770
51
960
294
432
720
514
97
1003
185
114
479
374
474
401
472
509
724
305
706
452
797
364
335
588
716
159
448
807
73
310
1042
910
169
164
181
974
767
193
553
320
365
484
945
496
876
883
548
84
363
453
349
72
177
98
85
361
566
1031
345
847
93
572
440
103
329
350
89
149
823
583
699
854
140
291
109
377
970
143
951
517
768
943
74
923
545
832
428
818
1050
107
166
1027
408
518
562
996
410
995
392
360
398
192
459
834
354
561
551
158
295
735
947
862
302
79
890
396
92
733
105
991
409
1014
367
347
1043
760
381
968
711
804
540
536
708
173
871
839
385
778
571
494
46
405
454
542
503
948
120
62
713
510
455
406
734
732
982
135
513
595
292
793
340
567
498
60
763
932
1035
987
56
190
1037
462
587
929
94
482
330
319
864
431
896
101
131
822
116
415
881
700
901
122
500
592
535
470
530
447
525
113
163
1018
912
430
81
443
934
182
384
54
328
776
416
199
894
541
175
353
468
358
390
1033
198
860
425
907
1034
906
554
742
726
138
988
781
106
599
180
352
306
527
466
888
900
184
914
380
570
382
811
394
1036
475
762
826
946
357
493
725
949
977
928
533
1029
334
331
828
1044
195
96
456
786
326
298
753
766
844
757
502
745
794
413
1001
703
373
463
956
341
985
1008
75
53
387
800
964
67
942
437
1040
990
938
578
183
126
801
719
917
369
333
989
44
1012
179
111
386
565
308
134
529
829
741
785
141
87
464
418
522
868
1017
756
784
759
965
744
469
412
491
789
905
47
439
69
979
577
815
941
400
712
598
83
999
746
1000
171
895
519
904
100
559
389
521
846
833
477
727
194
550
866
980
780
323
160
939
429
596
436
133
884
397
752
783
356
902
296
810
375
997
857
1013
186
808
769
976
388
489
145
877
698
952
45
289
523
872
835
538
924
497
856
802
586
549
594
307
313
925
520
740
1022
506
849
102
935
467
853
165
108
460
480
591
927
403
314
478
921
940
332
837
407
366
483
327
775
963
827
728
495
80
1048
1009
569
71
937
998
359
68
136
339
402
304
579
515
48
568
152
838
986
168
197
419
809
161
889
370
435
1002
130
70
558
371
555
738
564
897
77
104
560
641
613
31
656
236
607
30
243
660
670
271
3
203
687
16
262
260
201
15
224
639
18
601
625
604
280
696
6
24
684
279
600
29
688
664
667
211
258
689
267
255
32
682
233
240
283
35
659
202
237
207
249
261
246
208
11
218
210
685
642
634
650
690
37
9
41
678
17
623
20
33
643
19
212
273
2
603
4
222
624
640
245
269
266
1
287
228
38
234
226
612
646
27
221
676
263
257
649
666
653
654
238
8
628
686
204
230
28
14
638
200
648
692
278
658
619
248
633
13
232
259
665
675
630
264
629
602
605
227
614
209
217
674
12
285
647
645
268
668
284
697
252
618
679
251
42
34
694
691
662
655
652
673
205
681
669
611
657
241
276
206
663
26
219
693
43
610
7
606
213
216
21
286
282
5
256
683
631
220
274
215
672
36
617
671
214
