563
940
983
407
91
458
134
821
169
322
815
716
182
587
443
425
570
505
395
180
773
764
450
954
145
392
179
974
536
371
472
380
555
430
524
109
864
573
869
305
564
712
468
553
454
902
421
582
333
992
1033
459
144
807
779
391
499
698
1026
759
55
714
860
127
334
760
848
416
160
477
1003
149
858
820
202
230
246
672
624
645
214
210
38
688
276
43
9
640
660
602
281
690
612
0
41
343
786
118
969
871
504
386
900
828
357
81
516
530
480
513
363
554
288
426
572
766
46
358
399
795
824
706
562
311
50
1027
946
546
768
64
804
492
881
365
447
744
142
464
535
183
146
735
583
727
937
751
49
364
738
1022
762
841
293
1023
752
77
913
569
865
955
737
596
437
340
584
58
117
446
575
90
378
862
945
935
306
931
475
229
653
654
263
42
629
637
264
238
618
631
256
251
607
666
285
665
610
627
19
283
615
250
193
1030
915
757
994
704
707
415
62
816
580
71
66
379
950
541
191
878
368
851
803
867
63
186
1014
746
110
840
576
147
895
790
740
904
783
304
300
53
523
558
784
905
514
880
1041
320
581
366
491
791
701
444
962
942
75
44
897
345
894
440
813
755
557
59
734
297
998
154
487
56
910
793
1011
493
522
434
400
772
74
980
996
1019
827
855
711
551
961
79
163
136
490
829
873
393
448
331
845
470
70
417
438
857
907
1034
920
796
1005
893
174
921
792
927
455
85
830
850
901
96
105
938
890
1008
853
852
874
715
1036
987
875
433
906
943
567
702
148
550
65
381
756
719
593
995
453
316
1043
151
826
991
108
722
303
155
834
337
82
965
726
568
728
73
126
356
361
819
481
825
88
574
814
984
99
527
780
171
579
449
427
1000
367
196
298
781
736
964
61
156
799
753
916
98
372
798
739
966
84
382
385
859
976
800
876
977
187
295
809
107
354
359
299
775
708
539
323
45
164
794
988
403
95
166
808
1045
785
172
327
462
823
1001
872
338
350
1047
130
928
898
999
870
836
956
422
908
177
132
511
460
384
1037
782
972
787
978
1049
178
47
93
402
485
54
112
308
397
1025
479
410
1031
520
877
1028
749
723
975
138
390
124
544
355
703
387
121
718
100
515
497
989
543
463
348
383
565
67
936
388
114
939
314
86
598
176
1007
319
87
917
717
730
993
106
411
911
776
122
321
198
101
818
157
1012
810
173
835
184
418
843
139
192
167
924
774
861
595
957
496
352
317
510
469
344
394
1040
162
432
137
461
517
700
549
495
376
789
466
979
509
868
925
531
1009
599
92
888
889
748
506
519
360
419
866
424
761
854
953
290
441
80
970
571
158
310
375
1018
401
933
125
414
968
152
892
486
141
325
542
329
732
912
882
1050
478
566
423
1048
51
377
556
451
185
765
104
559
922
926
471
588
78
153
532
484
778
373
140
521
887
1046
812
439
822
846
353
547
405
591
1020
560
351
507
538
412
982
879
190
742
967
758
512
934
985
483
103
1010
406
500
313
949
788
586
330
1032
891
123
589
488
886
404
590
1044
919
721
294
1002
339
750
592
731
502
120
817
165
349
89
929
802
435
856
1042
396
1038
489
720
129
135
309
199
713
398
342
540
771
831
552
770
428
885
457
128
548
528
1013
754
48
168
307
143
474
102
195
561
833
68
847
533
534
119
76
941
839
930
60
442
729
133
181
374
312
741
747
420
844
1039
188
111
115
884
131
914
301
769
944
94
518
705
116
189
1017
456
69
473
777
341
409
436
498
842
150
113
947
161
467
743
328
951
526
958
175
923
452
335
725
832
326
1021
745
57
710
1006
503
597
811
1015
445
797
863
324
577
960
315
1035
408
899
806
525
883
389
763
545
296
318
370
97
302
1024
918
837
292
801
482
346
963
952
508
429
990
896
362
971
1029
369
476
537
83
699
194
948
332
997
986
767
465
159
291
431
932
724
805
981
336
973
197
709
594
170
1016
289
52
413
903
494
959
347
1004
838
585
529
501
849
578
733
909
72
634
5
680
234
633
697
650
261
669
673
7
240
277
279
632
1
200
201
34
635
15
636
216
247
237
604
217
652
219
25
212
258
27
695
244
224
657
614
253
287
679
622
619
685
617
643
270
649
611
272
22
601
6
39
267
13
231
284
278
12
37
689
670
18
2
249
625
241
664
204
613
226
678
663
616
17
686
35
608
208
609
630
260
684
273
658
692
29
638
218
228
655
252
280
243
667
236
683
696
265
31
4
257
628
21
24
232
647
682
600
223
694
239
30
661
16
651
225
220
677
626
213
23
282
693
681
603
262
671
259
206
639
11
36
20
274
28
32
215
248
623
606
646
242
620
26
269
668
687
275
642
675
644
676
207
221
254
227
40
605
203
255
10
659
268
266
286
621
674
245
3
271
656
691
211
205
233
33
209
8
662
648
222
235
14
641
