1466
1472
1455
1465
1436
1458
1379
1384
1394
1413
1365
1412
1329
1345
1334
1291
1315
1317
1265
1255
1243
1235
1173
619
810
698
1112
1045
801
1232
894
1224
914
694
468
804
973
656
947
975
1014
652
557
496
633
1182
923
775
1098
926
1011
990
1169
882
1099
1132
1131
1225
895
1193
631
730
481
500
1227
802
1204
560
864
726
871
477
860
634
535
1041
848
1214
588
739
510
957
1160
777
850
1097
460
706
607
1189
1115
454
628
609
190
271
116
363
386
169
19
197
76
360
164
131
85
340
407
230
90
371
286
245
222
282
242
193
211
35
118
122
39
257
238
258
105
214
145
378
346
32
168
1453
1462
1461
1467
1447
1448
1396
1410
1393
1403
1390
1356
1350
1353
1342
1303
1286
1292
1277
1248
1260
1236
1246
680
585
642
1046
828
1168
559
1138
915
920
776
1034
562
1219
526
1006
1051
675
1140
613
779
1191
1157
837
1164
847
502
854
824
692
741
1012
921
768
820
495
1082
719
1018
584
961
919
438
831
677
522
1207
908
1128
880
1026
784
489
610
541
1071
627
543
643
1070
898
912
989
1118
513
482
596
1060
759
744
1114
799
1205
470
670
1063
498
732
456
435
72
11
280
256
29
287
88
400
298
266
137
33
178
250
299
112
375
390
218
385
167
129
324
305
334
395
22
73
111
255
241
6
219
275
157
12
23
312
63
303
171
338
283
224
1424
1434
1457
1430
1446
1422
1452
1449
1441
1425
1429
1438
1420
1464
1471
1473
1469
1456
1435
1440
1443
1439
1427
1468
1432
1428
1459
1431
1460
1445
1421
1454
1451
1419
1426
1418
1433
1444
1423
1437
1442
1463
1470
1450
1382
1372
1417
1366
1415
1416
1359
1407
1414
1391
1400
1377
1370
1373
1409
1389
1362
1385
1381
1405
1357
1401
1367
1408
1380
1371
1375
1354
1397
1361
1392
1387
1406
1369
1404
1395
1378
1399
1364
1388
1363
1374
1368
1386
1411
1376
1402
1360
1398
1358
1383
1355
1337
1341
1349
1348
1332
1344
1320
1326
1335
1323
1325
1351
1333
1321
1338
1340
1339
1328
1346
1324
1330
1352
1319
1322
1347
1331
1343
1336
1327
1311
1299
1304
1316
1287
1309
1312
1308
1305
1313
1296
1318
1285
1297
1314
1306
1294
1288
1310
1290
1298
1300
1301
1289
1302
1295
1307
1293
1261
1262
1256
1275
1254
1240
1270
1244
1269
1233
1239
1257
1250
1241
1278
1274
1283
1272
1242
1237
1271
1280
1249
1279
1251
1282
1245
1252
1273
1258
1264
1253
1259
1281
1234
1247
1266
1263
1268
1276
1284
1238
1267
907
839
764
913
1194
520
875
1050
953
1072
569
735
905
646
1028
614
857
964
1174
1110
1210
787
1142
780
1013
519
749
1025
1031
1027
1022
530
626
708
782
855
773
678
593
728
1005
641
1159
995
1151
785
539
1102
1042
449
505
892
497
815
832
852
1120
625
721
488
647
946
674
660
601
948
442
994
658
577
838
645
480
699
570
1048
527
797
594
635
1198
492
1231
644
657
1002
452
650
1202
979
524
748
1066
830
976
451
1178
686
745
598
747
1134
928
853
1091
808
823
951
778
723
461
1092
761
681
1137
930
835
861
574
1213
486
903
843
576
455
586
637
471
917
829
869
1200
552
1055
1065
879
1053
1047
972
740
714
751
473
687
733
758
826
575
583
509
1170
1166
819
1021
1121
1124
1069
1136
673
655
1184
822
1196
608
974
648
549
550
746
922
896
515
887
1078
666
712
1068
1020
1033
846
703
523
736
1080
754
702
938
906
494
911
1107
727
1090
579
1024
602
440
755
518
827
511
910
1084
457
729
816
763
711
1125
1105
821
841
445
664
474
932
1229
866
568
1147
503
718
867
507
1008
490
798
845
1096
654
476
970
876
916
803
710
813
1085
679
533
1209
943
950
693
521
1177
886
800
665
563
818
1129
805
856
469
548
1081
464
909
483
968
874
663
1217
1228
1192
581
717
772
1195
924
1056
1158
465
1029
662
1030
1073
459
1052
834
1016
774
1019
844
925
501
573
1180
1165
842
851
980
540
783
1187
1004
1183
868
1221
789
1062
604
1148
750
565
1111
986
615
458
1101
554
1023
1058
618
603
1044
1139
551
793
1155
1167
1162
862
630
1043
724
902
472
624
988
934
443
781
450
1017
1152
757
952
969
812
981
556
1015
545
833
965
985
611
612
890
531
487
517
536
966
1172
514
478
767
1156
859
671
941
1113
877
998
760
883
904
499
462
942
999
616
704
1007
1000
441
734
1145
1104
1220
651
1009
873
940
667
936
1188
689
737
623
992
752
865
1003
769
561
1185
508
1201
605
661
1039
688
931
836
1181
479
967
858
599
649
582
1094
696
788
555
697
817
786
1117
571
963
807
1149
632
959
578
475
1116
996
1153
899
1087
997
927
1106
1215
640
467
589
463
770
870
707
715
538
1076
945
1143
962
590
700
682
891
889
587
1126
1154
790
993
1223
766
794
516
547
955
1074
653
1093
937
597
546
809
542
900
897
553
705
929
1088
1067
1175
731
960
1135
987
811
544
659
1206
918
1122
956
1127
939
720
572
796
1032
806
893
1216
636
446
566
595
933
1040
669
991
439
984
1103
1163
1123
971
529
884
885
1075
491
1109
537
888
525
878
534
600
1133
901
592
639
958
437
1212
1150
484
668
863
1108
606
532
690
944
935
983
629
1010
691
695
672
685
621
1083
1230
1176
1119
713
814
716
709
504
1186
676
771
485
1211
444
617
1203
558
493
564
620
762
722
742
580
1161
1226
701
1190
756
512
466
849
1144
447
1036
1130
1199
792
725
1057
1059
1218
753
825
567
1035
528
1146
453
738
743
1037
872
982
591
1089
1086
977
1054
1001
1077
684
1061
506
638
1179
795
1079
1208
949
1100
1197
683
765
1141
448
1049
954
436
1064
1095
881
791
1222
1171
978
840
1038
622
387
91
350
268
176
121
141
428
295
315
391
342
34
347
354
154
289
159
394
362
16
331
396
79
74
382
368
14
416
1
126
379
328
96
67
65
296
392
240
274
191
30
109
26
294
404
175
273
401
46
345
48
333
419
341
59
184
264
353
358
208
106
102
42
272
300
3
322
304
134
290
20
108
265
13
409
236
405
115
162
84
229
432
127
210
4
393
321
207
188
254
182
344
398
47
430
228
7
380
132
261
180
205
355
52
68
410
107
408
28
309
114
234
365
235
21
318
56
61
58
86
101
204
43
57
8
62
9
414
160
232
80
302
120
326
37
201
170
70
421
82
203
49
415
307
356
18
196
40
161
125
133
323
349
174
221
317
217
209
143
153
359
244
83
213
251
411
418
269
189
325
136
351
253
71
148
260
98
36
113
348
389
192
123
427
117
332
383
425
27
399
337
64
194
277
60
158
339
45
50
423
66
186
373
227
366
412
51
69
89
81
183
173
146
397
172
285
434
104
149
276
279
329
100
206
55
239
179
87
319
413
5
364
422
281
155
166
140
246
10
310
97
2
231
247
249
215
384
259
75
306
429
248
417
130
95
292
77
406
199
198
177
361
165
94
38
267
212
369
0
370
223
336
330
252
335
92
311
270
151
150
15
139
297
78
308
53
388
263
200
291
128
327
381
426
262
17
119
225
293
233
138
135
24
320
99
357
147
403
288
110
41
25
316
237
376
424
124
313
402
152
220
144
433
314
374
243
216
93
301
31
44
54
163
185
278
377
142
202
372
352
420
343
156
195
181
103
226
284
367
431
187
