1421
1466
1419
1437
1449
1429
1378
1376
1373
1412
1399
1403
1340
1323
1343
1318
1303
1309
1277
1272
1244
1235
477
736
1077
953
763
1034
881
613
532
1112
1086
843
1103
961
796
821
1162
574
585
591
1074
765
530
563
1023
918
657
459
531
444
965
838
1090
1009
1065
731
677
669
466
577
751
1158
1031
791
1128
827
1168
480
738
784
1088
1212
996
520
650
1026
746
809
559
1199
937
1186
1120
1206
664
1180
1187
498
437
528
1159
502
219
90
6
224
89
156
216
314
152
264
244
265
133
192
229
70
7
405
378
121
32
294
422
373
17
389
1
396
56
5
286
316
375
49
288
284
123
83
66
1418
1428
1456
1445
1461
1427
1380
1362
1381
1361
1417
1359
1342
1346
1328
1296
1287
1299
1271
1263
1262
1240
1256
1047
1062
786
1024
906
684
926
1038
859
868
775
742
981
1111
717
673
597
715
968
592
1033
1215
719
855
1217
475
1136
917
1055
994
711
1048
816
447
623
772
743
612
822
1122
1195
1228
979
759
496
551
517
1015
891
879
794
823
546
886
637
909
580
1210
578
494
1004
435
897
851
1070
912
697
607
862
748
927
656
723
674
1200
497
1089
828
931
654
42
186
391
333
305
77
166
139
208
48
143
210
352
55
212
241
271
14
157
153
81
302
69
45
13
130
370
151
410
214
159
78
416
386
18
142
117
4
412
171
418
88
80
59
1431
1453
1460
1457
1472
1423
1435
1433
1469
1424
1439
1426
1444
1436
1471
1470
1441
1447
1459
1440
1448
1430
1438
1473
1467
1462
1463
1450
1458
1422
1434
1455
1454
1465
1442
1446
1432
1452
1464
1425
1420
1468
1451
1443
1404
1365
1356
1387
1408
1411
1379
1374
1407
1377
1389
1415
1398
1367
1386
1391
1416
1364
1360
1390
1401
1370
1388
1410
1394
1369
1384
1405
1382
1414
1397
1355
1396
1372
1358
1363
1375
1354
1385
1395
1406
1383
1409
1371
1392
1400
1393
1368
1357
1402
1366
1413
1351
1329
1335
1331
1353
1332
1330
1319
1347
1324
1338
1345
1350
1333
1334
1341
1327
1336
1322
1348
1325
1349
1337
1320
1344
1339
1321
1352
1326
1294
1317
1290
1312
1301
1292
1298
1316
1297
1306
1313
1288
1295
1286
1300
1289
1311
1308
1302
1307
1315
1304
1293
1291
1314
1305
1285
1310
1247
1233
1283
1246
1278
1236
1260
1239
1270
1281
1261
1276
1280
1268
1284
1249
1275
1250
1279
1265
1242
1255
1253
1264
1258
1273
1241
1274
1282
1243
1251
1259
1266
1245
1238
1267
1252
1237
1254
1234
1269
1248
1257
588
538
947
618
1224
840
595
850
565
589
1152
1175
964
808
1208
692
974
753
895
1161
898
1144
1171
1058
805
558
1201
871
547
1079
908
510
519
876
932
872
1020
676
1052
873
567
1045
451
907
467
667
1225
890
779
1185
836
811
904
762
1115
511
695
1029
914
1137
579
481
522
1121
1219
863
598
986
1083
1097
832
604
1142
526
1132
506
495
643
1050
501
1061
602
1226
458
1064
773
487
783
617
1163
1118
462
548
933
984
752
1198
641
744
935
1028
485
628
866
761
1170
533
975
837
648
445
1032
737
972
745
555
1046
665
700
584
557
1027
672
1227
1040
491
1003
518
1139
698
1184
540
870
571
1081
1178
1202
561
705
521
440
877
869
453
476
1030
541
1140
1066
704
701
699
712
1054
454
740
685
606
857
1094
644
631
1197
586
642
608
754
582
599
730
1021
726
963
777
802
486
681
478
949
1049
913
724
817
614
601
469
860
865
971
647
509
666
1179
1129
575
716
1110
449
785
564
957
640
627
962
820
732
1053
660
693
1189
473
960
1127
651
493
1214
709
980
1063
1075
1196
982
970
508
729
1005
856
1160
1154
834
1207
610
603
1155
1041
1071
679
710
1194
572
1092
847
885
946
1147
703
1182
911
1057
841
1169
619
633
883
1043
1101
902
443
793
861
830
776
556
943
456
1093
797
1138
1056
781
587
1059
590
446
930
990
714
1165
624
760
1135
455
958
749
1156
1035
646
1221
824
720
1025
998
993
853
864
1096
936
756
858
1042
983
770
758
707
1107
766
594
1008
790
1001
645
1130
831
544
800
620
512
874
1176
1117
750
1012
461
815
569
1060
1216
934
778
725
562
611
813
566
956
539
1099
1190
1213
691
600
615
605
1013
1167
441
702
884
780
1204
1148
973
621
1082
747
482
1150
688
616
967
849
576
570
523
663
1209
999
941
457
1145
1164
1051
880
988
899
1085
1104
764
894
1203
1141
1067
1044
658
1126
1211
713
1069
854
916
789
997
636
991
915
1037
1223
887
1230
728
1068
552
507
524
662
1078
671
987
1172
1017
976
757
1036
632
625
686
1222
659
527
1087
833
810
992
1146
1188
928
903
1166
690
1174
1000
639
568
844
472
945
722
920
952
513
1095
1084
1106
1124
499
655
888
978
944
735
905
505
678
442
1119
1105
977
661
826
889
1191
1072
514
638
921
938
950
807
536
1076
474
942
436
940
682
919
696
829
1177
727
803
739
1232
910
901
448
492
500
683
1192
825
689
1193
706
922
581
755
818
1113
1102
893
1018
787
675
795
1231
545
955
554
875
668
1108
470
694
1080
1220
634
1123
1006
819
1131
670
468
835
892
882
516
771
471
1134
483
806
1100
1010
774
1002
452
845
846
543
438
622
951
652
1073
741
878
1173
799
718
1039
1143
1116
479
635
924
630
966
1125
525
649
867
1157
488
535
1098
609
768
1183
464
490
489
1151
549
814
1011
788
504
1091
1153
842
929
1019
593
1229
484
596
439
573
560
629
583
463
954
767
804
923
1109
995
465
733
537
450
985
1007
503
515
948
1114
1133
680
687
534
782
653
1181
812
969
792
1014
1016
529
839
1205
896
801
798
460
721
900
989
959
769
852
848
939
734
550
1218
1022
708
1149
542
553
626
925
194
344
420
365
63
8
61
423
367
318
348
207
64
433
353
109
36
307
411
112
125
240
75
428
358
124
392
188
339
357
269
107
110
319
304
273
165
311
202
196
317
174
79
34
163
261
256
37
169
234
404
3
68
313
179
11
415
221
62
279
393
323
40
115
315
285
181
146
384
413
217
28
38
346
382
132
173
19
26
71
330
360
97
258
390
162
72
362
324
187
397
243
76
238
23
369
10
160
211
263
135
372
259
57
408
91
303
103
395
86
222
414
92
154
111
245
387
58
419
354
73
145
310
204
30
300
144
20
262
276
355
377
223
380
266
402
383
43
334
267
260
175
374
0
54
347
122
320
44
228
101
331
39
51
170
233
327
161
168
430
189
141
206
230
106
119
306
253
16
200
25
120
201
283
82
349
381
209
289
337
407
247
15
431
205
203
351
432
394
421
255
41
290
278
227
87
31
129
371
24
177
400
343
47
246
94
274
182
328
158
340
198
401
399
21
342
53
364
388
118
257
93
336
164
231
248
326
398
22
406
185
193
12
215
149
425
35
137
74
116
65
197
325
385
131
296
178
341
9
424
84
155
254
287
361
104
295
220
136
147
298
308
275
225
293
46
100
127
366
292
335
128
268
95
172
301
429
140
321
427
105
270
213
332
195
96
29
190
277
226
191
60
280
67
329
409
148
291
235
376
2
350
249
345
239
356
297
167
236
33
338
251
232
299
237
322
363
417
426
199
282
242
359
218
184
252
52
134
99
434
281
312
27
403
379
85
183
176
98
114
272
150
113
250
108
50
138
126
309
102
180
368
