1462
1472
1429
1473
1430
1459
1397
1403
1367
1356
1391
1395
1329
1320
1322
1309
1310
1293
1251
1250
1233
1255
1007
1078
1135
497
524
1023
666
476
824
1059
1207
861
971
768
829
816
542
1226
868
960
932
575
650
1229
660
634
1125
1196
1020
462
1161
925
830
1191
594
836
729
944
612
814
800
493
475
606
489
1183
701
863
473
1111
1120
1057
875
982
474
779
1031
443
459
1145
1019
1096
490
1210
595
663
582
852
873
1127
1061
511
11
169
299
124
86
270
195
183
211
266
307
128
355
315
53
156
208
403
37
185
168
282
32
87
346
426
222
27
150
234
109
288
101
74
271
4
129
187
111
1440
1435
1453
1421
1432
1464
1359
1410
1368
1372
1363
1360
1339
1324
1353
1285
1306
1308
1235
1273
1261
1249
1241
890
681
1136
468
839
942
700
1160
562
477
608
586
1118
752
617
470
990
1197
680
732
893
1081
1190
445
664
912
787
1231
854
888
733
1137
1116
945
941
605
1176
487
896
498
551
581
599
695
807
1044
1173
984
522
763
798
961
772
995
668
758
730
935
533
1189
1104
749
909
1154
744
710
600
531
806
930
1205
914
959
1045
725
684
483
1156
1032
1153
113
386
381
250
199
229
264
281
2
115
131
360
56
300
239
291
232
166
329
417
371
409
305
110
420
217
263
95
248
236
65
135
60
193
130
5
284
220
43
31
81
70
410
188
1468
1442
1470
1454
1467
1452
1419
1443
1471
1463
1451
1441
1457
1426
1422
1434
1439
1449
1445
1438
1433
1436
1418
1466
1420
1444
1448
1425
1469
1456
1424
1458
1447
1427
1455
1461
1423
1431
1437
1460
1450
1465
1428
1446
1402
1380
1389
1376
1369
1390
1382
1414
1365
1404
1383
1354
1393
1377
1379
1413
1384
1401
1373
1385
1388
1409
1387
1399
1416
1407
1370
1371
1378
1361
1411
1381
1396
1355
1412
1358
1392
1386
1366
1362
1417
1415
1406
1374
1364
1400
1398
1394
1375
1408
1357
1405
1332
1338
1319
1343
1350
1352
1340
1345
1328
1344
1336
1349
1341
1346
1321
1334
1337
1326
1330
1351
1331
1342
1323
1327
1348
1347
1325
1335
1333
1303
1317
1286
1302
1300
1311
1305
1295
1298
1296
1314
1301
1316
1288
1287
1313
1297
1307
1290
1315
1289
1312
1304
1299
1318
1294
1291
1292
1236
1278
1240
1243
1234
1252
1276
1283
1266
1257
1245
1254
1247
1284
1239
1246
1263
1270
1271
1259
1272
1269
1258
1268
1244
1275
1238
1280
1274
1267
1248
1260
1242
1282
1262
1265
1256
1279
1264
1253
1281
1277
1237
514
631
1074
455
799
618
565
441
444
897
1100
769
629
844
466
885
740
1010
492
760
751
996
759
628
1168
453
719
998
532
1060
1219
1130
1033
794
538
1087
662
689
792
697
545
579
602
484
1223
775
535
1222
658
894
521
997
656
831
653
790
815
901
999
833
954
1165
652
731
633
728
673
690
635
1157
1220
1030
637
494
884
452
1069
1149
561
734
686
705
1206
1228
748
906
671
601
529
1203
1208
1026
851
1006
1098
458
724
1144
1175
841
1164
793
972
846
649
1194
667
939
986
505
967
479
610
968
491
766
742
1089
1200
992
632
1142
1184
1024
1201
485
803
527
706
447
446
646
583
1221
572
714
1027
578
461
1049
950
811
687
1103
1177
867
934
1182
510
784
512
785
778
698
797
1217
640
607
753
1113
603
773
965
574
870
669
1036
988
1171
933
723
993
889
874
718
1062
826
488
438
821
1077
638
812
683
808
771
989
675
891
1133
516
757
1079
678
828
983
436
856
624
448
765
525
1041
843
518
761
859
1178
880
1227
464
627
958
651
832
946
585
987
541
672
1167
1139
1099
450
923
712
1084
813
530
1093
620
1162
655
1170
777
716
1017
899
754
549
948
1012
927
938
1215
926
1080
1058
1037
762
471
645
817
1166
1063
804
805
1123
855
622
537
1009
924
858
534
1092
676
862
1147
1186
506
1204
440
1028
503
437
955
517
929
613
682
1122
1048
566
544
1035
920
1002
619
636
825
931
745
558
611
964
1039
604
994
1001
592
1000
887
739
623
694
557
770
1052
1013
910
736
598
1172
1114
1022
962
692
750
895
819
921
1214
902
703
848
1212
928
892
802
642
1097
850
515
702
818
991
707
560
696
555
677
621
546
898
1003
980
1126
567
881
1043
849
523
1004
577
1071
1202
878
746
1086
625
985
451
467
827
548
657
1211
654
699
969
1174
563
1109
1230
1018
1070
866
735
977
679
547
1117
568
1119
553
573
1107
647
715
469
809
643
1015
1085
1188
783
626
918
1159
963
1181
454
550
970
1140
911
439
1055
685
905
528
913
978
837
1108
1150
648
554
864
717
922
580
810
499
1199
1112
857
1068
616
865
1195
1224
738
543
1005
449
956
442
877
1016
1121
842
496
480
1014
741
630
691
659
764
1034
559
838
1216
665
1025
1232
1090
495
593
709
904
1094
481
903
1056
1129
1051
721
823
1169
840
1143
1198
1141
590
596
1106
1066
507
1209
571
588
756
1152
974
1072
795
500
1158
1047
502
1008
704
456
937
727
1073
1146
916
853
957
501
907
615
979
1213
539
871
465
737
1083
966
1193
1054
1082
951
1101
1102
552
755
1021
1110
975
1155
786
463
536
597
1192
1187
953
981
1067
639
936
641
1075
478
743
900
674
917
788
879
822
722
556
776
509
973
1088
569
591
835
1134
1163
767
1132
820
1148
919
513
781
949
526
774
670
1185
860
1050
883
908
504
720
747
576
564
584
1179
789
661
801
1076
1115
460
886
1065
508
1091
435
519
587
1040
1095
472
1151
882
589
1131
644
869
976
940
947
1138
540
711
609
713
688
872
1011
943
1064
482
1029
520
708
876
570
791
796
614
1124
952
457
1128
1218
845
1053
780
834
486
847
693
1046
915
1038
1225
782
1042
726
1105
1180
404
377
138
116
197
418
364
179
382
170
252
106
94
350
245
114
204
96
423
422
340
200
55
356
49
189
246
352
310
133
237
395
359
289
368
369
339
345
177
164
253
325
333
139
334
215
25
162
206
316
392
302
277
178
71
82
286
308
30
62
126
380
295
102
238
258
184
212
394
159
298
120
328
119
181
254
379
313
259
243
64
6
52
196
244
265
108
336
312
158
240
61
92
79
198
105
365
251
387
16
176
41
385
344
247
144
361
335
48
303
89
408
358
121
103
257
13
127
323
342
33
47
269
99
218
117
274
59
17
317
235
272
39
226
432
260
314
230
186
366
180
389
401
112
157
19
419
93
278
411
202
219
337
203
399
255
287
57
51
242
134
372
290
388
83
23
320
431
97
68
100
338
433
390
341
321
146
331
326
261
173
54
297
209
249
424
402
351
407
318
10
393
38
63
241
357
0
58
76
354
262
280
160
428
171
125
213
349
14
216
104
153
285
383
205
66
151
155
69
161
21
84
167
221
224
143
415
370
309
36
367
88
276
77
425
163
214
98
256
136
413
18
154
294
210
73
192
223
412
375
72
165
434
396
324
142
332
67
397
348
279
233
391
145
363
296
311
148
227
137
194
225
416
398
429
191
353
132
8
15
182
293
35
50
319
414
376
3
430
12
304
406
44
322
122
421
107
330
400
172
46
1
175
91
228
306
22
75
40
140
378
34
201
207
80
267
292
29
275
78
85
147
20
427
362
373
28
24
149
26
190
384
374
123
405
7
268
42
343
45
90
347
174
152
231
301
9
141
273
283
118
327
