1471
1437
1452
1440
1467
1453
1368
1364
1369
1383
1367
1365
1319
1321
1328
1286
1318
1311
1284
1279
1240
1243
1122
734
647
1076
919
871
610
876
739
759
889
575
923
448
1225
725
1060
533
1017
1028
612
524
1231
453
912
499
1019
1154
961
487
1065
1031
1095
949
679
663
494
457
796
1137
896
903
1058
624
1180
850
496
940
1056
948
1181
950
1208
1101
789
802
904
616
865
973
1146
1077
1152
1016
924
447
471
1165
722
1108
607
1022
297
60
25
271
128
48
110
148
234
146
291
265
121
404
172
132
118
14
308
162
35
254
41
223
305
263
235
32
269
346
395
310
214
272
109
337
390
55
150
1432
1462
1469
1426
1464
1422
1354
1358
1359
1409
1394
1406
1327
1326
1324
1296
1314
1292
1269
1275
1249
1261
1248
655
1113
503
967
458
893
518
1046
842
669
1135
914
493
633
1083
886
467
826
733
587
618
965
536
1176
771
697
1107
844
847
1096
1143
711
595
490
916
692
686
1172
726
653
728
498
968
780
577
830
943
901
767
534
798
1174
1089
775
507
1194
551
811
832
977
1186
698
528
910
606
872
971
1054
1195
1036
881
902
638
673
505
444
510
578
1124
461
326
69
416
372
410
257
385
127
430
292
230
124
369
203
0
71
54
157
47
151
320
409
248
126
408
226
116
283
58
94
240
164
247
174
18
367
267
158
394
40
211
210
147
19
1470
1442
1436
1431
1456
1421
1465
1441
1463
1430
1458
1448
1427
1429
1455
1444
1434
1428
1420
1435
1419
1425
1473
1459
1438
1472
1449
1450
1451
1445
1460
1424
1446
1443
1423
1447
1433
1461
1439
1457
1468
1466
1454
1418
1373
1380
1400
1407
1410
1416
1396
1403
1384
1375
1372
1382
1370
1356
1408
1376
1355
1402
1390
1404
1381
1413
1414
1387
1401
1379
1361
1405
1374
1417
1397
1415
1399
1395
1386
1398
1389
1377
1385
1362
1393
1391
1363
1392
1388
1360
1357
1378
1366
1411
1412
1371
1336
1322
1340
1335
1334
1323
1338
1347
1350
1352
1342
1333
1320
1348
1332
1351
1325
1329
1330
1349
1346
1344
1341
1353
1343
1331
1345
1339
1337
1298
1299
1304
1287
1316
1288
1312
1317
1308
1297
1302
1306
1301
1307
1303
1289
1310
1305
1300
1315
1294
1293
1285
1295
1291
1309
1290
1313
1267
1235
1274
1277
1270
1245
1241
1278
1255
1246
1254
1236
1234
1252
1244
1257
1247
1253
1256
1260
1283
1282
1266
1262
1258
1237
1272
1265
1271
1250
1280
1273
1242
1238
1264
1268
1281
1276
1259
1233
1263
1239
1251
709
668
799
907
582
1057
1068
1062
1038
436
1014
909
462
603
1086
748
740
840
1130
861
1136
880
749
486
561
1216
672
442
869
920
440
855
784
701
837
516
716
947
822
819
933
608
441
1187
1213
574
553
632
615
617
797
839
1161
1000
517
894
1183
557
959
1049
915
805
835
1102
1192
646
1006
547
1138
560
1221
460
449
1071
804
887
958
1034
573
846
1085
731
981
479
1091
879
905
567
601
1205
694
532
866
888
994
700
544
1053
757
1218
1196
1024
768
932
678
995
762
942
1159
776
625
745
746
997
779
1182
906
508
1100
455
552
586
1142
941
1039
1007
897
777
1215
852
531
732
620
890
999
963
760
650
918
541
1040
735
665
785
475
621
1203
495
640
765
459
953
937
464
795
717
688
583
535
863
1164
978
1011
1092
715
549
651
706
1189
1116
664
497
554
539
934
519
1050
1120
675
446
1214
439
982
465
466
1021
690
463
856
884
945
829
540
969
438
1204
823
564
1185
703
1118
1212
1134
792
639
848
1035
891
1027
1088
800
1175
1074
862
689
1008
930
506
635
1090
778
851
985
868
597
939
687
766
569
671
661
938
704
1005
1131
720
1084
812
834
600
590
680
513
631
1103
1026
1133
951
774
946
1117
1110
1166
801
917
845
576
559
477
1059
806
474
1157
860
815
803
1106
1119
1160
683
854
1188
605
515
1228
1178
1144
737
485
451
1051
1207
491
713
712
987
838
1168
952
682
596
473
645
1162
1163
1232
1198
707
512
488
550
483
813
892
742
614
696
1045
787
676
571
658
1193
684
729
636
741
864
514
1112
736
469
1155
752
691
825
685
873
816
1158
808
523
548
572
1070
1032
807
637
1001
1004
900
670
874
957
652
589
705
769
859
836
719
588
1151
1128
1127
480
782
827
1042
1069
751
522
1169
1098
659
657
927
1018
809
1223
545
1030
738
450
443
634
841
794
435
482
1082
996
820
1041
702
754
484
502
454
481
954
1029
849
1200
867
989
666
878
1093
1002
970
555
592
641
1097
656
843
1145
558
986
883
1191
644
773
537
581
858
1048
1149
1063
791
921
598
764
898
584
761
1099
988
964
983
629
747
877
972
521
437
1227
1109
626
756
935
998
478
1081
568
509
520
857
979
743
556
899
470
783
1037
660
922
452
504
1115
1219
1202
931
926
1211
565
833
662
1201
628
786
708
714
1140
695
538
1067
511
1147
677
1217
913
1072
642
699
1171
781
724
648
1013
585
828
1210
627
818
1170
1177
1033
667
456
1197
1141
1015
895
929
472
1132
654
1075
1209
580
622
1104
990
718
960
730
955
853
1125
1226
649
1173
562
976
1025
710
1224
956
1220
790
1087
579
1009
821
623
501
1123
1156
599
966
611
991
925
770
908
1167
831
1111
755
674
1066
1184
1153
543
980
1105
810
1012
630
793
445
525
613
1150
643
753
591
1199
1080
476
1064
1206
750
1073
975
593
817
530
1061
542
619
984
824
563
1126
489
885
1052
1094
1044
992
1222
1010
1020
1148
500
936
1139
1003
468
1078
693
546
763
594
911
758
1047
570
721
604
723
1229
566
870
492
993
772
1190
609
962
1129
814
744
974
602
1121
1230
928
1055
944
1023
1079
681
1043
1114
788
526
527
727
1179
875
882
529
89
80
220
349
361
415
149
375
179
275
245
153
357
212
75
244
217
87
137
338
209
91
115
424
340
227
176
184
259
270
90
251
382
26
73
125
30
44
420
342
389
68
188
288
287
49
246
86
37
78
43
352
371
313
119
134
331
364
400
354
429
185
387
84
290
296
23
135
82
97
155
112
59
106
376
300
327
380
193
204
160
277
316
413
388
339
76
70
397
329
239
323
142
28
171
315
221
152
353
163
317
295
222
167
258
123
144
350
252
286
412
215
302
31
79
12
61
186
253
20
250
280
65
330
428
255
370
377
307
249
108
303
180
422
181
273
88
351
196
425
143
266
213
341
360
187
319
299
22
383
183
312
421
347
53
10
72
391
189
168
7
2
293
42
21
177
418
224
261
366
99
16
403
423
133
182
278
318
392
284
378
62
406
402
433
173
205
102
170
321
426
206
216
260
114
85
122
45
92
191
304
195
156
334
208
225
355
411
401
322
231
232
111
117
431
242
343
274
381
393
5
103
219
105
24
93
8
218
141
432
129
194
4
279
374
130
66
52
96
434
140
285
405
38
33
169
237
201
289
268
104
362
202
332
386
29
345
373
233
64
399
368
414
67
154
358
282
281
77
328
363
301
333
11
359
198
51
311
348
145
139
335
39
3
27
113
46
324
407
306
396
243
256
120
262
13
17
356
1
175
199
207
336
63
136
190
95
325
192
81
36
344
34
228
417
56
314
131
200
101
83
159
294
309
98
138
107
166
365
398
57
298
276
236
165
264
178
6
15
50
100
9
197
74
419
161
384
427
229
238
241
379
