1464
1469
1432
1424
1459
1458
1399
1404
1398
1407
1414
1410
1321
1353
1336
1307
1309
1301
1246
1236
1276
1271
679
785
535
936
1191
961
594
558
1029
767
642
1190
468
1007
1049
1230
904
781
474
624
1103
453
564
1106
582
571
807
645
944
576
874
509
1173
811
627
1136
805
1144
508
954
490
883
792
452
859
650
1201
695
1024
603
713
806
657
768
587
1229
789
449
1111
641
1018
1174
1091
800
747
651
981
967
711
741
957
529
127
277
106
422
295
133
164
148
2
37
263
382
153
87
222
30
269
379
114
65
32
363
400
211
188
158
110
248
235
402
20
225
342
45
286
79
328
165
387
1434
1453
1423
1456
1471
1429
1368
1393
1408
1354
1388
1356
1343
1326
1327
1300
1314
1316
1245
1272
1240
1284
1248
827
1175
725
1227
638
497
649
1150
1123
940
796
1156
783
591
815
519
861
534
569
646
734
1097
942
703
619
601
943
514
987
639
754
751
765
908
701
439
1003
579
504
678
797
1105
604
778
955
684
484
477
946
1188
742
595
608
753
511
1207
718
1033
1133
764
959
1038
977
721
614
628
851
821
728
692
467
770
945
717
823
793
1020
673
810
714
23
78
337
122
136
399
390
228
132
196
427
360
343
392
297
19
377
220
160
24
22
289
6
317
394
425
86
391
168
237
344
250
229
182
355
117
74
254
312
285
252
81
358
62
1427
1428
1422
1447
1435
1460
1420
1463
1452
1419
1438
1465
1431
1457
1462
1439
1436
1473
1461
1445
1454
1425
1455
1426
1430
1418
1442
1446
1466
1448
1468
1449
1441
1467
1421
1440
1472
1444
1470
1451
1437
1443
1450
1433
1371
1372
1416
1383
1406
1362
1395
1357
1359
1365
1367
1375
1364
1396
1387
1358
1380
1382
1370
1405
1369
1366
1389
1403
1390
1391
1376
1363
1400
1412
1411
1392
1394
1374
1379
1360
1381
1385
1415
1377
1417
1397
1401
1402
1361
1413
1373
1384
1409
1378
1355
1386
1349
1325
1331
1333
1338
1320
1342
1341
1332
1330
1346
1324
1344
1351
1334
1348
1319
1350
1322
1323
1337
1347
1345
1328
1329
1340
1335
1339
1352
1315
1287
1304
1308
1293
1318
1297
1291
1288
1311
1285
1312
1292
1290
1298
1305
1295
1303
1313
1302
1289
1310
1286
1306
1299
1317
1296
1294
1243
1235
1250
1239
1279
1254
1255
1252
1249
1263
1273
1264
1247
1234
1268
1282
1233
1261
1270
1237
1241
1281
1258
1265
1244
1260
1256
1259
1238
1274
1267
1277
1266
1278
1257
1283
1262
1280
1275
1253
1251
1269
1242
729
502
1184
471
654
596
769
565
931
597
446
1002
1068
1164
712
710
1055
876
1047
880
610
1072
1001
814
698
605
1065
522
697
1014
858
515
1137
1051
503
1149
444
708
644
1035
737
1157
870
1172
976
496
637
924
1079
871
699
665
984
743
915
799
1080
501
1107
660
835
853
1016
881
802
1057
1008
658
761
584
1059
731
516
1215
1081
1132
1026
618
997
1186
996
1195
1052
1088
527
523
927
492
763
862
661
1108
609
819
550
1221
517
869
1146
900
1203
901
1217
939
539
804
809
1159
1083
478
938
780
963
1129
687
438
991
979
907
521
653
1140
528
566
436
573
828
709
1022
456
878
1060
1224
966
556
1163
771
666
691
772
518
873
1040
1143
481
1211
606
1209
855
540
746
688
925
724
635
985
1074
808
1187
674
782
585
831
1220
563
670
493
445
1219
990
1141
951
964
1109
1064
787
1115
1145
1205
633
1066
555
885
1171
1122
726
631
663
1128
993
479
773
886
752
694
968
1073
774
1119
962
902
912
759
1027
1130
803
640
1034
662
1180
537
909
1025
696
704
779
1036
1100
680
914
598
616
1194
1098
1056
1041
846
1061
611
899
1101
1082
1092
1113
879
1062
980
572
988
918
447
1158
630
928
916
574
720
1199
1178
1037
894
486
865
817
884
1161
1151
758
1125
1039
538
757
949
820
749
1214
1117
1087
1011
1050
888
1131
664
1032
623
475
1124
1165
1015
435
553
790
488
590
766
833
958
700
812
1010
857
617
1095
868
1176
541
950
1177
549
1104
532
798
953
887
1099
733
727
889
462
906
856
448
913
867
499
1231
816
643
586
1085
841
1078
755
898
974
600
443
1139
852
965
575
982
842
756
1112
956
592
969
634
776
1093
507
655
1210
672
562
791
760
583
735
1179
485
905
999
849
934
744
788
671
947
544
547
719
560
850
1225
1169
1009
593
748
580
546
1232
777
822
971
834
845
960
722
1118
498
487
589
1160
505
875
818
1053
1127
930
531
602
1185
1181
1135
669
952
978
656
554
548
920
470
578
989
1084
860
1216
1031
676
775
1152
1142
615
476
632
975
1223
1204
736
892
707
830
738
877
510
832
1213
1226
1019
626
1200
1182
995
460
1028
1197
937
648
457
458
826
1006
1089
530
1094
786
716
730
1048
567
1005
926
512
866
520
659
843
837
620
685
1012
469
465
613
882
1148
1154
588
483
1155
1067
693
1086
480
1138
551
494
723
801
543
689
1023
441
1206
1121
1162
838
1222
1077
795
921
1090
636
762
1044
973
559
454
463
461
1046
524
784
903
1198
919
1030
450
983
437
998
1202
1013
948
897
893
929
1017
1116
682
1004
732
1069
813
863
506
1218
1196
896
1063
1120
455
854
706
941
464
526
891
442
935
1183
570
1193
824
681
1167
495
1102
677
1228
847
972
933
1212
1147
864
599
466
491
739
629
1096
910
825
848
1058
1000
1043
459
581
542
705
994
836
545
1070
533
794
621
715
1192
829
536
622
922
668
577
1134
840
690
557
1166
745
1126
1168
473
1071
1114
702
844
683
911
612
917
568
472
625
1042
667
839
1076
513
1021
440
932
1054
1153
451
500
986
895
750
992
1110
970
1170
740
525
489
561
552
1045
872
675
923
607
647
1075
1208
1189
890
652
482
686
183
223
246
18
10
116
27
49
380
419
321
141
186
240
38
41
42
145
107
262
171
376
274
100
189
275
241
249
26
313
97
11
130
231
367
8
404
268
185
322
265
365
25
414
284
142
288
34
103
245
409
347
218
151
323
119
61
305
243
338
335
372
179
3
157
215
60
258
111
35
192
69
267
195
282
208
280
7
77
29
348
180
320
407
349
89
398
170
139
411
294
71
92
298
329
68
143
13
214
137
98
113
310
31
350
167
247
374
123
415
384
375
405
221
366
340
406
381
224
52
386
420
90
40
416
144
112
356
184
115
83
64
217
212
101
327
324
85
291
1
5
270
296
88
302
154
357
389
57
333
345
242
244
175
194
219
334
209
50
353
428
102
359
70
67
84
330
135
339
94
181
174
272
161
239
120
370
121
72
373
12
178
82
251
264
4
93
47
383
9
176
75
138
125
99
257
44
361
336
203
238
173
96
206
362
397
129
364
51
346
403
300
76
134
304
378
230
306
418
256
193
104
197
59
0
105
205
413
311
80
36
393
162
293
279
63
14
95
408
159
421
424
149
191
131
91
287
187
147
325
271
202
16
55
417
146
126
236
316
266
58
56
429
410
276
21
216
198
259
290
371
207
426
318
307
201
124
261
352
278
331
15
199
48
299
385
292
43
172
155
431
200
66
177
166
53
430
39
401
33
109
354
301
423
309
283
210
150
351
28
434
54
232
368
233
326
369
152
332
213
308
315
432
140
17
412
314
341
227
396
204
433
281
190
163
226
253
234
273
73
303
255
46
260
108
128
319
118
388
156
169
395
