1459
1430
1451
1447
1433
1427
1405
1398
1413
1386
1375
1395
1346
1329
1337
1300
1310
1311
1279
1237
1246
1248
1079
1112
1157
764
866
481
720
757
500
499
1083
694
624
803
991
579
1191
747
665
897
615
1129
1042
659
1199
457
575
605
511
994
734
906
573
735
538
996
1183
564
1002
878
1156
903
1124
637
544
1146
1085
739
472
609
799
1178
650
444
943
577
1192
606
691
979
777
935
555
612
451
465
474
1037
750
630
695
974
154
57
132
138
136
256
63
426
355
197
289
121
120
235
281
233
308
91
49
212
299
182
284
392
272
226
398
208
39
155
429
267
361
330
388
176
149
135
254
1436
1444
1452
1450
1464
1465
1399
1379
1389
1369
1381
1410
1353
1326
1333
1312
1295
1317
1238
1278
1252
1247
1280
1012
1222
813
887
494
754
873
1116
625
1101
901
945
745
1104
800
942
602
1172
755
515
806
744
604
967
1220
521
706
768
680
784
633
793
951
753
787
623
741
883
1036
528
743
662
495
1176
817
594
473
1097
771
836
1118
978
889
1109
1136
679
1078
953
773
1024
493
628
527
491
786
530
578
711
859
898
1005
884
751
654
580
1207
1035
981
1203
690
300
88
406
142
434
175
228
97
265
383
301
319
79
273
172
73
236
62
139
368
386
18
127
210
395
16
111
376
222
67
101
36
37
397
60
21
202
20
405
162
307
173
302
193
1446
1423
1470
1468
1431
1440
1434
1462
1425
1420
1438
1442
1471
1456
1460
1426
1445
1443
1441
1461
1439
1422
1437
1454
1455
1424
1472
1428
1429
1473
1418
1419
1453
1463
1469
1457
1467
1458
1449
1466
1421
1435
1432
1448
1373
1387
1371
1383
1362
1363
1393
1356
1385
1374
1382
1355
1372
1360
1414
1391
1392
1408
1367
1358
1396
1404
1354
1401
1364
1417
1368
1409
1380
1407
1390
1415
1378
1359
1394
1400
1366
1388
1384
1397
1411
1412
1357
1402
1406
1416
1376
1377
1365
1403
1361
1370
1352
1322
1344
1325
1331
1336
1327
1345
1342
1348
1328
1340
1324
1323
1351
1343
1347
1334
1330
1321
1335
1319
1339
1341
1350
1320
1332
1338
1349
1302
1309
1286
1315
1301
1306
1304
1287
1303
1292
1305
1298
1318
1316
1294
1296
1307
1289
1308
1299
1291
1285
1288
1313
1293
1297
1290
1314
1284
1251
1255
1268
1269
1243
1273
1244
1259
1265
1254
1276
1256
1272
1257
1239
1249
1283
1271
1275
1260
1236
1261
1234
1253
1277
1245
1258
1233
1263
1241
1270
1264
1242
1282
1274
1250
1266
1235
1267
1240
1262
1281
641
1166
1209
1144
989
954
835
1077
1185
510
485
1174
543
831
582
1125
476
726
518
535
562
740
838
833
1153
471
721
848
561
559
912
820
972
512
916
947
778
1004
588
922
541
1149
539
970
626
983
1054
993
765
752
1027
727
802
636
502
929
733
1180
1158
1151
685
463
531
1230
748
840
629
509
882
477
440
776
441
779
1051
661
458
1204
1022
761
713
1141
686
995
513
520
1014
824
489
618
810
693
924
699
1232
871
865
504
1048
714
479
908
608
712
1175
565
1044
1214
825
1140
1093
1096
964
537
759
1168
788
847
1228
556
697
863
447
869
689
586
1217
646
888
1060
941
756
519
461
1071
634
1131
453
900
1202
1076
1052
896
1132
480
1229
804
503
1034
719
610
1181
850
597
1164
593
1055
657
454
1107
581
435
560
1143
895
534
592
1198
858
642
723
737
692
927
853
749
948
760
807
549
949
816
446
1056
861
746
826
572
729
677
1106
1100
1187
1221
780
1017
1009
1072
631
1081
1139
1015
469
958
590
926
450
936
1013
950
664
603
890
830
1082
545
1201
640
1084
955
619
595
724
1145
1182
986
1213
611
705
600
551
678
648
849
554
886
860
1184
1134
1121
644
652
1001
1219
715
523
655
614
1018
1061
681
1162
1135
1031
591
1063
790
667
536
643
984
931
795
917
1062
1223
893
718
1038
613
914
639
589
923
881
725
585
782
717
488
701
492
1142
870
668
1130
987
673
827
567
583
596
879
547
466
732
738
940
455
563
874
1049
814
829
1206
704
663
601
998
1227
844
700
891
1117
468
842
1010
767
1021
1040
1099
1138
938
774
1155
436
1186
670
638
1000
1216
1065
671
550
1041
1090
676
478
797
683
1011
910
456
944
542
1102
1095
1196
976
841
1019
965
877
1114
1087
731
569
730
913
617
918
997
939
674
823
1148
546
621
438
854
576
1173
885
675
1047
584
722
834
445
703
483
653
490
811
905
525
1205
1025
818
496
497
516
1190
1064
1033
557
658
809
1210
1127
915
789
846
522
872
1224
968
796
1193
839
894
1094
449
1163
710
728
508
1057
526
758
553
1068
607
616
982
766
1023
462
1080
933
1169
1092
475
815
855
1046
925
1218
1089
1137
892
1006
791
1159
1066
1200
921
656
781
1150
880
1043
635
736
1028
622
540
587
1067
505
762
548
1212
1069
702
952
452
1007
867
482
627
1088
1029
647
1195
529
443
506
1050
769
1179
507
956
687
1111
990
770
487
1103
792
552
1053
919
1188
486
899
1070
973
902
805
1059
969
437
975
698
448
632
1231
464
467
932
672
1108
533
1075
459
1194
868
708
1003
571
971
832
570
707
960
1058
977
1120
875
1165
1119
794
651
1226
1008
808
966
857
963
851
1074
763
1167
961
1189
716
985
599
1016
822
1170
1123
514
1098
1197
907
1171
1161
498
1115
812
1105
669
1020
566
524
1160
684
1147
442
1030
532
864
772
798
992
843
742
1045
999
937
852
1039
439
957
1208
928
598
904
1113
1026
856
1073
1128
1152
837
568
484
682
688
1215
980
911
1211
709
828
930
946
660
1133
1032
1091
558
1126
959
785
696
920
1225
821
1154
819
962
1177
988
574
845
783
666
1110
1086
649
1122
876
775
501
470
460
645
934
517
909
801
620
862
75
328
217
143
103
116
263
374
249
372
107
384
128
292
251
333
48
427
168
408
366
352
119
26
318
247
114
151
25
258
190
218
160
104
179
264
304
348
250
15
358
113
141
46
412
400
169
332
413
266
6
433
324
326
350
268
51
313
95
342
422
211
86
123
417
9
213
164
367
153
122
337
161
145
353
407
243
269
55
23
329
189
170
432
102
325
204
430
105
177
431
277
209
270
394
339
364
404
99
246
414
317
163
108
171
362
312
47
1
205
411
68
147
118
22
354
110
234
365
159
124
351
315
158
156
287
89
11
349
115
214
94
200
188
424
215
125
165
343
416
137
35
71
77
83
167
32
80
279
12
262
381
420
257
356
252
260
17
389
245
297
390
415
34
382
237
92
305
27
129
180
5
50
275
373
223
309
40
56
291
401
255
402
150
288
425
338
346
316
3
310
428
419
320
323
293
93
96
385
224
370
184
230
253
42
133
371
181
146
31
335
331
203
117
28
81
43
166
399
229
244
377
232
66
231
219
109
82
322
130
418
10
148
410
85
423
220
29
53
52
227
334
285
54
59
74
90
294
196
183
41
221
409
314
106
126
359
387
225
100
396
403
30
375
33
290
357
69
347
286
8
298
192
0
199
2
306
201
186
283
72
76
194
241
274
98
242
295
84
178
327
276
44
380
378
271
198
363
216
278
296
311
341
140
344
174
87
248
345
38
340
206
65
157
191
13
238
45
259
58
185
112
70
131
7
240
187
282
64
61
14
152
280
207
321
391
303
360
393
134
421
336
369
4
195
78
379
261
24
239
144
19
