1428
1451
1434
1473
1444
1447
1371
1393
1370
1363
1408
1386
1349
1343
1337
1314
1295
1291
1249
1254
1235
1244
1153
984
932
542
711
1194
751
551
606
867
831
745
615
1130
1188
1213
812
964
1214
622
1199
691
482
738
904
811
1087
1035
1111
715
1165
521
1179
607
1080
1088
489
923
818
509
975
1033
1208
740
1032
862
446
1068
717
1206
833
566
1065
991
519
472
686
456
902
677
694
946
557
735
451
925
836
581
988
710
577
1113
279
320
59
411
372
242
52
316
136
198
344
425
203
180
234
77
338
108
287
110
237
132
187
123
360
266
151
214
175
232
283
305
332
289
298
133
421
288
267
1440
1427
1421
1442
1432
1452
1401
1368
1365
1354
1372
1358
1336
1341
1344
1313
1288
1306
1274
1278
1282
1239
1241
1177
1229
655
453
786
987
599
1071
1110
638
1124
1005
850
995
543
1210
945
467
1228
952
1073
635
936
1064
969
652
817
675
779
1069
758
970
773
1011
1031
1141
750
524
881
574
716
1099
562
1128
435
590
466
1004
939
617
820
1158
844
437
713
869
1135
620
460
520
849
754
533
448
537
1050
1013
1191
538
1133
698
642
605
461
1049
663
486
1082
712
865
72
11
207
292
376
82
307
173
126
197
357
96
164
402
93
79
161
202
94
345
195
326
245
399
280
423
70
24
162
105
356
101
250
111
84
274
205
103
277
95
350
217
358
364
1468
1454
1426
1445
1450
1466
1422
1460
1455
1471
1420
1418
1467
1423
1441
1458
1429
1431
1443
1470
1449
1459
1436
1448
1463
1435
1472
1425
1437
1453
1430
1469
1424
1446
1457
1462
1433
1456
1461
1438
1464
1439
1465
1419
1413
1416
1399
1391
1406
1396
1378
1387
1383
1409
1404
1407
1411
1389
1366
1385
1377
1360
1362
1380
1384
1357
1355
1356
1382
1375
1359
1394
1412
1361
1410
1414
1398
1405
1397
1392
1390
1402
1376
1388
1403
1381
1379
1369
1417
1395
1364
1373
1367
1415
1374
1400
1329
1353
1324
1323
1335
1333
1332
1320
1352
1327
1328
1326
1351
1350
1342
1348
1322
1338
1319
1347
1340
1330
1325
1331
1321
1346
1345
1334
1339
1292
1308
1298
1293
1309
1290
1301
1289
1315
1296
1299
1303
1286
1297
1312
1285
1304
1294
1317
1318
1310
1302
1287
1316
1305
1300
1307
1311
1265
1266
1269
1279
1280
1247
1255
1246
1263
1275
1270
1251
1276
1257
1283
1237
1240
1250
1259
1260
1238
1245
1261
1264
1256
1267
1268
1253
1284
1236
1281
1273
1233
1277
1258
1248
1272
1271
1262
1252
1234
1243
1242
941
825
703
1058
1212
830
547
982
878
870
616
640
1041
883
1114
1184
1115
760
471
746
1029
484
1134
1093
1223
1042
748
497
900
594
450
481
1140
1003
684
1127
1054
780
898
1186
855
1121
764
1070
477
707
478
1081
730
1231
502
1156
552
1024
602
794
669
1196
856
531
532
470
596
1148
1207
1170
1189
505
873
967
1119
1095
591
576
578
699
439
1067
1220
1002
718
847
1017
720
1043
985
650
445
909
1185
1103
981
1055
1146
767
916
877
809
765
485
994
1009
536
504
1015
1030
1227
643
1150
681
943
674
630
769
631
1012
649
480
639
907
624
1159
1018
983
693
666
682
641
564
727
629
611
997
842
476
436
1027
1219
514
701
989
1102
1174
944
464
770
978
487
488
499
742
813
462
559
791
879
585
913
683
1106
634
942
1092
556
792
570
858
463
1046
687
814
550
961
1051
976
662
546
603
1089
1167
1217
949
857
1182
871
586
645
1131
980
549
1205
1168
1154
1085
816
447
960
756
771
493
775
829
784
474
1025
455
1138
560
618
1034
610
722
934
1204
468
1230
838
1019
928
1218
781
553
803
540
863
1021
799
938
458
1044
528
859
1175
1105
1142
598
807
1137
739
449
929
597
1144
888
1066
454
1232
860
1039
592
583
965
565
621
957
951
628
1010
1045
968
962
721
728
903
736
569
1001
933
887
761
534
956
823
1147
501
541
457
697
840
971
653
768
891
1151
1063
1000
589
848
866
974
508
947
927
910
1074
841
708
810
1122
672
664
1057
724
579
851
759
510
1178
917
469
963
752
522
1157
868
749
1169
1209
914
922
725
834
692
726
479
731
1222
1075
444
527
511
1052
700
1078
1161
778
886
1112
789
548
940
507
846
1028
1059
890
1007
884
496
695
1149
1100
824
1040
494
679
905
729
874
802
920
665
1077
1226
796
1091
637
993
632
671
572
442
651
864
937
676
498
1109
492
573
523
926
1143
545
1036
657
911
646
954
1201
787
950
1094
506
1062
895
654
1038
1047
1193
440
588
948
443
763
535
1224
644
518
667
1006
732
539
918
584
714
892
852
658
656
438
612
609
783
843
1120
1020
826
1118
880
625
723
793
1145
1086
1192
990
619
1056
1202
689
757
827
459
1079
555
1132
972
1200
659
837
1084
1090
1164
1136
580
491
885
897
1104
515
1162
822
661
899
582
1173
516
805
558
465
1195
999
1139
772
889
828
893
986
706
685
668
648
882
1176
1216
719
777
1183
766
475
593
815
513
959
1198
1016
554
977
894
906
680
776
623
819
958
1022
1211
503
973
1061
604
845
595
688
743
452
798
600
561
1107
901
804
741
1023
797
636
835
627
915
832
876
614
633
660
955
774
1187
996
872
1152
853
1163
500
737
696
568
998
1101
1126
744
753
1181
854
821
801
1129
762
1037
587
1053
1155
979
1098
930
673
483
795
544
1008
747
1097
1160
992
495
921
705
808
790
1197
1096
788
678
1060
931
529
608
1117
1116
733
806
1215
1166
1026
526
966
626
1014
935
1072
441
800
1125
1083
839
1221
1048
613
953
1076
517
647
690
601
919
709
908
755
875
896
1172
512
734
1123
563
670
1203
704
525
1171
924
567
571
490
1180
861
1108
912
785
782
702
530
473
575
1225
1190
184
0
341
386
49
27
314
183
33
254
186
194
120
306
64
63
169
118
395
220
253
73
412
296
14
92
381
426
366
68
21
244
135
130
238
12
3
87
312
4
317
58
301
189
199
98
371
429
181
252
113
329
80
229
419
394
434
351
165
137
185
255
122
240
303
142
89
6
67
403
359
286
51
145
302
159
378
166
16
154
88
221
262
270
235
295
222
20
90
263
39
260
299
212
276
251
431
99
416
328
42
65
236
18
34
241
410
319
74
54
310
176
239
210
369
321
333
157
37
365
146
208
83
258
361
304
275
339
397
281
325
420
413
418
269
141
129
116
401
311
106
393
41
400
38
107
343
347
40
104
8
171
17
330
340
153
257
225
28
117
414
160
172
53
121
223
219
327
432
5
407
408
404
150
78
293
308
112
147
125
1
196
211
388
396
182
178
224
9
377
204
380
385
48
60
424
213
322
246
315
206
188
148
127
398
375
144
374
309
32
75
139
297
97
363
128
167
91
362
259
342
355
149
390
163
233
31
278
227
57
115
45
405
318
389
352
152
23
30
323
7
76
13
119
124
56
300
265
334
368
61
29
218
391
422
382
143
100
284
102
231
261
417
155
427
22
271
46
384
392
230
26
25
109
50
264
226
62
66
201
228
409
200
282
387
273
215
156
19
209
193
294
216
36
268
370
15
85
192
43
290
256
354
272
243
353
433
348
10
367
313
86
71
349
335
44
55
383
114
174
179
247
336
337
373
138
2
415
47
379
134
131
158
170
324
69
177
428
191
140
291
81
168
430
285
248
35
331
406
346
249
190
