1464
1423
1436
1455
1434
1419
1388
1400
1413
1415
1360
1367
1353
1343
1330
1314
1307
1289
1279
1256
1271
1257
894
873
994
713
573
796
816
455
824
586
691
782
715
606
1203
1112
801
640
933
1095
1149
830
680
1094
644
1122
464
802
580
835
941
1074
1058
453
576
1150
884
499
729
615
1011
1064
743
660
661
1157
1009
775
1021
594
731
474
436
1012
596
1133
971
1038
1049
1091
1121
1124
841
489
1172
478
797
597
892
999
590
1027
405
191
216
311
298
14
39
331
123
3
345
315
215
346
167
233
283
246
402
211
389
47
179
385
243
358
152
429
268
273
172
282
387
245
109
223
343
98
190
1437
1441
1424
1451
1450
1430
1385
1364
1378
1355
1381
1376
1346
1348
1341
1308
1313
1300
1242
1253
1239
1270
1263
1024
711
770
647
583
1180
1116
1028
1179
972
947
877
793
790
909
509
1163
1125
904
537
521
627
1000
510
973
1158
498
1102
575
542
441
1045
741
1176
921
544
734
1143
951
912
950
445
949
557
748
485
674
665
821
924
688
1161
761
699
682
490
1197
473
602
954
516
910
891
939
854
1155
1209
616
1137
608
443
538
600
826
831
726
855
874
1060
1196
229
329
0
101
11
252
91
248
118
102
45
232
334
69
280
333
153
396
265
52
312
276
7
28
432
202
397
222
121
135
138
33
260
144
136
376
137
340
227
302
112
63
330
86
1456
1471
1444
1446
1452
1432
1440
1427
1462
1443
1431
1422
1469
1448
1459
1449
1473
1467
1470
1426
1460
1420
1439
1442
1457
1438
1447
1461
1465
1418
1463
1428
1425
1433
1435
1468
1472
1453
1421
1429
1445
1466
1458
1454
1374
1417
1389
1402
1380
1357
1401
1356
1354
1408
1412
1362
1416
1410
1394
1396
1363
1371
1368
1395
1386
1383
1404
1370
1405
1393
1406
1391
1384
1359
1361
1409
1398
1390
1369
1399
1379
1414
1397
1366
1375
1377
1365
1373
1407
1403
1387
1392
1372
1411
1382
1358
1327
1328
1342
1334
1320
1347
1319
1338
1325
1336
1326
1324
1339
1332
1340
1331
1321
1344
1337
1352
1329
1333
1345
1323
1322
1349
1351
1350
1335
1302
1316
1305
1295
1317
1299
1303
1311
1286
1318
1293
1287
1315
1310
1290
1309
1304
1288
1312
1297
1291
1296
1298
1301
1294
1292
1285
1306
1236
1258
1252
1247
1275
1280
1245
1244
1261
1273
1284
1238
1237
1268
1234
1276
1260
1267
1249
1250
1240
1251
1241
1282
1277
1255
1259
1233
1265
1264
1262
1272
1283
1246
1269
1235
1254
1266
1274
1281
1278
1248
1243
898
678
552
500
566
641
708
735
638
526
598
703
1066
917
550
937
767
755
815
683
1059
1217
869
820
819
519
953
1101
1031
944
1002
446
1201
1040
920
659
965
668
694
714
915
1218
689
463
1140
653
1215
1195
778
753
843
1108
611
540
780
1174
664
1159
551
799
504
685
934
545
1018
562
1022
442
1016
739
697
1168
649
448
525
462
751
1210
785
1089
1107
1088
858
903
471
1017
783
773
977
543
1204
1171
1187
1093
1029
1144
745
1213
663
439
1214
864
1037
1192
662
970
546
1047
725
1227
470
704
736
511
1044
529
561
536
1042
1051
1131
738
811
690
1068
1111
923
960
1146
832
792
1175
1110
919
1077
1010
1008
988
956
958
451
506
716
553
635
1026
1136
1085
532
1007
993
757
658
672
940
1145
584
1190
798
768
1142
488
842
1223
922
480
476
1117
718
803
528
938
449
787
849
1065
1080
730
626
554
818
629
795
1035
650
1127
1126
1198
507
1156
494
788
585
1001
836
652
1119
456
1208
1135
974
581
655
1120
1075
722
769
772
577
531
1206
863
989
987
684
957
839
888
1170
983
959
666
482
998
469
1034
563
1193
901
609
671
827
825
472
1078
1189
466
633
978
1043
1212
502
992
1023
1162
976
1096
1153
918
495
963
513
724
833
1220
1138
805
1103
1032
1041
1015
756
637
879
865
447
610
458
648
1231
771
450
657
493
1067
907
719
518
1211
813
1030
574
852
592
1205
514
870
806
1178
733
1134
601
928
1160
1115
1169
1076
687
804
1147
822
1230
837
995
1141
452
840
686
1130
523
599
862
614
1055
880
622
593
623
872
700
1222
475
591
943
848
1207
823
632
681
695
613
727
900
902
1053
828
1070
673
625
569
887
702
878
760
503
1086
1036
603
1104
1084
607
604
696
1194
487
669
501
765
899
1105
1228
964
588
728
705
1183
651
791
966
777
789
911
645
1109
882
859
1072
955
742
677
565
1154
512
885
895
930
1132
774
564
936
752
850
1191
1151
437
896
861
444
1098
440
534
530
620
812
484
605
1129
477
693
1164
1128
1232
925
980
595
1224
808
948
754
524
961
568
985
520
723
890
845
1113
883
1063
555
982
746
847
457
435
1046
857
535
567
1033
589
814
737
571
1165
698
634
1216
1061
570
967
1166
617
1226
1054
784
758
766
1014
492
931
810
990
515
1188
838
906
642
905
876
763
916
481
701
1167
717
1071
807
1039
1092
867
1005
1123
927
706
587
962
942
747
969
856
968
1186
692
866
1152
654
897
1185
945
639
749
750
631
1100
913
1182
578
1057
1221
491
1219
1106
1025
676
1114
997
619
732
853
1069
559
932
636
461
893
776
548
1225
1177
1090
707
786
522
1019
533
991
505
844
539
800
465
1079
817
628
935
871
1181
656
1006
679
1073
1081
579
667
1200
721
1229
984
809
720
1013
582
479
1173
975
851
508
986
497
467
886
710
1099
929
908
646
868
460
612
981
759
926
860
541
1050
630
1118
438
740
572
762
558
889
1148
829
1062
744
1003
670
556
709
675
764
459
794
1020
496
643
1004
1082
952
1199
547
1083
1052
560
618
779
621
846
1056
914
834
454
875
881
781
624
1087
946
996
468
486
517
1097
1139
979
1184
549
1048
1202
483
527
712
381
139
263
267
15
310
236
336
308
281
150
299
200
173
198
68
95
40
32
38
65
141
430
293
326
304
142
204
364
309
367
207
335
130
120
254
270
140
103
392
128
354
110
371
187
147
189
422
278
319
275
247
239
171
16
403
226
258
417
42
412
67
20
344
127
192
51
420
274
10
406
347
1
361
116
97
176
76
269
421
209
325
196
242
178
380
151
296
404
214
394
386
365
213
313
81
287
217
107
161
362
295
166
12
294
104
132
337
237
148
426
318
425
400
197
322
289
373
398
100
106
350
203
377
72
80
264
174
228
231
219
301
390
156
250
113
134
114
249
149
36
418
363
349
83
18
129
126
165
201
342
317
143
297
131
366
115
183
388
431
74
285
99
29
26
158
23
62
64
82
434
339
323
79
291
244
316
341
407
9
221
410
34
332
53
277
57
314
234
13
182
122
92
415
379
256
253
384
279
327
22
257
259
75
159
372
31
262
124
391
186
24
41
6
184
305
70
369
87
88
370
157
194
303
288
272
224
321
119
292
84
306
328
206
48
117
160
133
90
205
357
290
19
105
210
180
401
427
46
146
416
368
408
348
424
378
413
89
77
238
50
108
195
356
162
193
230
395
181
78
17
44
271
96
125
185
359
168
177
154
423
71
49
351
240
251
199
235
93
54
266
58
433
111
409
59
5
382
73
94
208
324
37
61
218
338
360
284
155
175
56
411
4
35
375
8
428
66
352
300
85
383
43
307
320
399
414
225
188
164
27
2
212
169
170
355
286
25
255
241
261
21
30
60
220
55
374
163
353
393
419
145
