1462
1441
1457
1437
1465
1447
1390
1354
1383
1362
1361
1369
1345
1333
1335
1298
1313
1301
1249
1269
1275
1256
1160
598
565
1187
875
974
1142
528
1210
854
1225
1223
1060
1032
857
690
931
1144
729
1097
1186
493
757
1084
575
845
807
588
556
492
921
1169
687
615
723
454
574
1204
1000
946
1094
639
909
1208
546
848
1054
691
1140
771
913
460
961
1163
439
677
750
923
957
768
507
632
558
527
1149
1201
1117
970
1040
1217
794
1161
319
209
343
413
77
136
5
263
212
365
176
393
181
268
138
376
379
253
382
102
112
273
419
219
59
65
302
53
404
183
143
276
357
4
111
349
24
226
26
1427
1431
1454
1438
1436
1459
1402
1399
1397
1366
1408
1404
1341
1352
1338
1291
1290
1307
1276
1238
1251
1277
1241
634
640
642
761
1153
1047
494
710
533
972
1194
666
1197
648
715
804
837
681
1111
1024
1176
939
820
582
727
592
803
1062
519
505
1166
562
793
847
587
1182
828
749
1012
860
811
748
1189
1123
661
1173
1093
1229
867
694
471
1005
487
629
464
1086
831
498
754
1205
650
884
1154
596
435
1207
814
895
784
945
885
941
467
700
1206
463
652
577
1056
600
3
33
196
364
373
110
153
189
87
193
385
390
184
290
147
60
420
146
89
52
204
180
47
217
266
78
218
251
336
69
260
384
62
223
72
325
264
429
328
225
140
51
85
416
1423
1419
1443
1448
1446
1426
1420
1453
1434
1435
1424
1473
1471
1442
1464
1421
1418
1458
1422
1472
1429
1456
1470
1451
1467
1468
1425
1432
1430
1461
1469
1450
1445
1439
1433
1452
1440
1428
1444
1455
1449
1466
1463
1460
1368
1396
1360
1355
1387
1411
1376
1400
1409
1414
1395
1367
1370
1403
1394
1375
1381
1363
1417
1416
1412
1378
1372
1374
1401
1377
1356
1389
1413
1386
1382
1393
1388
1398
1384
1392
1415
1371
1379
1365
1358
1380
1405
1364
1373
1391
1357
1407
1406
1385
1359
1410
1319
1350
1343
1330
1327
1340
1329
1320
1322
1321
1351
1342
1344
1325
1346
1336
1347
1326
1349
1332
1353
1334
1324
1323
1331
1339
1337
1328
1348
1293
1304
1297
1288
1294
1299
1300
1296
1289
1316
1309
1285
1312
1310
1308
1306
1286
1302
1311
1292
1314
1295
1317
1305
1315
1287
1318
1303
1271
1250
1266
1263
1265
1280
1268
1274
1234
1236
1252
1242
1270
1243
1257
1264
1239
1233
1273
1240
1244
1255
1279
1258
1284
1281
1262
1247
1261
1272
1254
1246
1259
1245
1278
1248
1282
1253
1235
1237
1260
1283
1267
548
949
1145
490
482
524
645
1191
1221
1049
1105
796
1171
649
852
879
904
947
638
1089
1095
462
812
537
734
447
791
436
1202
573
518
627
1156
1048
1136
1167
599
746
907
981
1214
987
624
678
669
1051
711
572
839
1070
1113
603
900
580
789
555
1096
608
1064
1222
881
1139
477
461
543
611
956
978
1104
755
536
934
1212
552
441
1162
825
783
824
549
702
1058
680
737
713
1045
636
489
584
1053
908
788
770
622
785
1034
651
903
538
449
1232
948
1011
1014
597
637
724
539
1130
1114
874
902
863
1181
1019
872
1067
933
1231
695
1220
670
1072
1164
451
883
698
664
1122
1063
870
821
468
655
709
795
959
557
714
1021
1188
1042
790
842
736
801
459
1030
1138
813
545
500
665
486
513
625
833
998
926
705
553
1038
817
858
819
578
446
602
1013
952
703
501
765
1027
920
906
916
551
532
472
1150
699
777
1170
752
1199
834
1078
1193
740
731
559
871
1069
473
775
701
1022
586
581
1151
521
996
1195
476
1085
465
1091
912
1224
1035
499
1126
1107
1039
886
763
506
440
1074
829
733
567
668
510
753
809
1165
673
971
726
1110
688
776
1218
924
466
815
606
497
758
647
802
744
1044
732
873
930
508
671
707
644
708
756
976
593
1134
977
922
717
544
570
1211
484
1008
917
1213
927
683
818
643
1099
994
905
1172
542
1028
866
685
950
504
1003
531
706
966
861
816
890
993
894
679
882
728
483
448
568
919
1106
1066
485
1001
475
918
725
901
999
1092
1031
722
453
944
877
876
1102
856
827
601
914
983
540
1228
1146
469
631
841
742
1061
735
1131
836
633
1175
1132
1077
730
437
502
1168
1158
1090
686
1071
830
805
1002
658
792
1079
496
910
1183
955
989
491
654
1108
932
781
1004
1118
1129
1155
564
855
481
595
653
951
739
738
769
991
445
1184
1083
619
672
547
1036
591
798
751
973
799
605
604
511
853
979
1109
1198
607
620
960
628
517
612
1033
1073
896
696
646
1082
846
1159
589
982
747
1041
561
774
520
610
635
985
626
1103
1147
779
1209
741
832
1100
1185
1037
762
760
935
1200
965
1230
585
838
676
1023
1177
689
512
743
940
1080
851
835
937
849
808
1088
641
826
844
823
1068
843
1215
455
1057
474
1020
1119
470
1203
450
443
897
1050
868
898
1128
1018
1133
954
614
458
995
479
659
1007
980
997
862
1219
630
1010
457
590
675
719
522
967
892
888
583
806
1124
1052
1101
613
1127
438
609
958
684
1059
1226
767
893
530
716
1043
478
721
889
782
962
786
1120
1029
880
925
563
495
480
516
579
928
859
667
1009
850
1141
810
864
1180
1178
1216
1112
968
1115
975
566
822
1065
1025
942
515
1055
929
759
541
693
662
444
869
660
1081
745
891
936
618
964
718
704
1121
692
1227
674
1046
617
984
899
509
616
1196
1174
1017
1015
778
988
1157
1135
915
1125
697
514
576
571
797
963
773
1190
657
986
1006
569
1026
943
787
526
1143
623
1179
780
534
800
1192
911
990
488
560
523
953
535
865
554
772
1087
1016
442
656
594
1076
766
1152
452
550
840
969
1098
1137
621
1075
456
992
720
529
764
525
878
503
938
887
1116
1148
712
682
663
417
332
32
289
356
123
247
86
387
166
25
191
129
342
49
418
81
58
0
56
150
66
156
303
126
18
15
141
208
74
374
241
158
400
137
98
159
367
227
287
31
116
248
329
360
8
330
341
412
115
424
19
224
324
238
2
428
11
377
421
320
250
99
192
388
292
104
338
215
210
244
397
114
286
122
368
434
105
22
331
172
257
211
73
144
306
109
275
120
270
380
234
255
383
433
235
199
299
61
44
345
173
70
334
317
233
401
125
108
294
347
167
293
395
67
323
326
313
28
245
14
113
135
124
394
259
254
10
265
106
398
278
279
68
291
246
76
405
119
297
372
422
280
415
29
207
256
101
314
425
103
346
407
21
92
284
381
277
160
309
222
350
164
177
399
195
107
50
168
427
142
283
272
220
13
282
402
392
37
149
237
230
337
132
312
310
396
12
321
88
344
75
100
242
38
300
93
54
252
267
307
431
16
152
339
188
187
154
351
352
162
84
231
174
239
221
301
369
17
327
363
409
48
190
430
335
43
57
261
42
131
274
406
91
296
30
27
171
41
295
39
240
236
348
182
216
410
361
175
375
128
423
45
151
206
169
96
403
134
271
71
298
202
46
197
6
80
358
139
20
386
145
414
258
340
354
262
249
391
161
304
311
411
95
118
308
121
127
353
117
370
333
148
389
316
408
130
186
269
194
36
90
185
34
355
229
97
94
214
79
40
200
23
198
63
165
371
9
55
228
359
155
232
315
288
426
201
7
322
178
179
243
362
378
285
203
35
305
318
205
366
170
163
432
1
281
213
157
83
64
133
82
