1435
1420
1466
1427
1418
1442
1403
1393
1355
1369
1382
1411
1332
1328
1326
1295
1301
1307
1269
1267
1248
1262
1089
1204
921
669
887
1187
903
951
762
474
535
875
1232
1208
714
578
769
673
492
597
675
606
907
1094
1100
517
876
880
539
898
904
459
456
1193
729
489
1005
1109
1197
623
452
607
483
1071
694
829
1062
998
1169
696
676
761
641
869
793
767
511
680
626
1052
866
1023
945
1123
634
1077
1048
856
629
1185
536
857
46
336
212
382
361
147
119
204
135
328
407
332
56
268
70
306
411
157
41
355
170
219
83
197
181
27
414
374
325
327
21
142
59
81
360
384
165
80
104
1454
1422
1451
1448
1445
1436
1377
1362
1359
1381
1378
1399
1346
1333
1336
1291
1308
1288
1281
1266
1257
1233
1237
613
464
1215
588
831
784
804
628
530
1017
1081
1105
665
896
845
693
487
510
753
469
706
973
839
1188
595
996
718
561
1025
1217
546
1051
504
827
1139
1063
1116
599
1141
755
581
732
701
1079
1164
957
1180
512
738
989
873
953
685
968
631
1142
552
853
566
1042
1091
642
980
481
892
721
573
832
1119
1022
1110
1074
1131
747
1175
821
1041
520
723
862
333
75
143
186
194
397
171
253
66
263
379
138
78
95
413
371
422
255
132
433
177
338
237
376
106
215
36
76
334
235
130
136
190
50
297
200
133
321
287
97
307
245
92
145
1439
1438
1459
1434
1430
1452
1470
1449
1441
1471
1433
1458
1473
1465
1431
1432
1426
1457
1461
1472
1467
1429
1462
1469
1450
1423
1440
1419
1424
1456
1463
1425
1460
1447
1446
1444
1453
1437
1428
1468
1464
1443
1455
1421
1389
1379
1354
1408
1367
1392
1375
1388
1373
1400
1412
1356
1365
1383
1414
1361
1413
1387
1360
1358
1363
1401
1374
1390
1407
1417
1386
1372
1364
1384
1406
1410
1391
1368
1385
1371
1366
1416
1409
1357
1380
1395
1370
1394
1398
1396
1404
1415
1405
1397
1402
1376
1324
1321
1344
1337
1327
1335
1345
1353
1325
1338
1350
1319
1343
1341
1330
1349
1339
1320
1334
1323
1351
1329
1331
1352
1340
1322
1342
1347
1348
1293
1299
1306
1315
1309
1285
1300
1294
1313
1316
1304
1290
1317
1311
1286
1303
1318
1305
1292
1312
1287
1296
1289
1297
1314
1298
1310
1302
1253
1251
1282
1242
1280
1261
1238
1243
1236
1279
1265
1245
1277
1274
1259
1250
1276
1256
1254
1272
1260
1273
1271
1241
1275
1239
1278
1247
1270
1244
1252
1283
1268
1264
1249
1234
1240
1258
1246
1255
1263
1235
1284
1158
500
447
986
678
813
505
667
1178
612
533
579
819
473
779
653
794
1124
722
567
1206
799
608
1080
603
1055
992
497
448
978
833
1006
969
531
598
917
811
1202
451
1115
715
1227
1117
805
815
437
1104
1186
507
965
751
1182
914
786
1092
484
785
1194
922
494
586
465
1034
990
1183
734
1061
975
764
445
709
997
1146
1198
940
816
725
1229
1170
910
637
780
756
927
1166
618
1120
754
576
493
918
1157
572
841
801
682
1136
503
1056
467
1018
1099
577
726
810
1069
1072
609
658
534
646
894
541
881
710
739
1144
952
1196
777
871
974
664
1163
1037
1095
1160
660
1181
1057
1161
1059
550
1029
450
925
967
472
743
630
700
920
553
640
934
991
884
1135
830
1060
496
846
468
749
899
1138
1098
471
632
1054
879
1008
470
703
1179
984
523
849
1009
672
874
1203
1159
823
461
1126
806
625
789
663
569
478
1014
542
1090
462
555
919
614
545
1113
1152
946
1067
568
1036
1190
1156
772
506
554
808
1149
950
466
741
850
1212
803
585
1213
1026
859
1101
495
885
1078
1112
778
959
639
765
736
1228
537
1012
932
444
1030
956
643
1102
838
909
1024
622
758
737
1155
661
912
529
1176
482
454
1148
442
1108
455
977
720
477
752
930
882
860
683
964
1031
901
891
770
1219
746
1084
551
1154
711
562
559
929
557
636
1015
619
446
655
686
730
1073
982
617
817
1047
649
716
509
861
1143
915
1093
935
958
648
983
485
727
624
1039
735
1210
1066
1137
954
457
733
1082
1007
976
644
835
1134
1107
1032
582
443
931
1010
1211
605
1058
1053
1132
651
864
1192
656
570
937
1195
1028
1231
1207
707
668
1103
717
571
584
970
615
633
705
502
594
1168
895
724
1122
1222
702
941
704
587
1040
1118
787
635
797
844
491
1016
565
1013
750
604
897
627
515
972
1205
659
1226
872
475
855
438
513
616
1129
620
939
943
544
499
1000
979
854
563
962
870
441
679
479
878
589
592
486
580
1085
453
593
837
971
1111
1218
1209
763
834
480
893
460
1046
877
888
436
1064
690
590
795
1003
908
824
791
1050
558
1174
788
516
886
1087
719
926
712
440
949
1075
826
759
851
674
1044
822
1065
1167
1130
1033
650
564
900
913
757
766
547
807
681
902
519
771
645
713
684
814
591
1011
1201
601
1106
936
783
905
774
843
742
508
449
923
670
728
740
540
1045
1043
999
1165
524
691
1002
745
768
947
435
865
498
1004
916
521
1021
1199
1096
548
993
652
1020
1150
583
1038
963
924
560
439
790
867
798
1189
847
1088
527
1140
1177
1200
1027
825
748
692
928
744
1172
988
488
1128
775
1153
621
695
812
647
760
575
543
1223
868
1019
611
981
955
933
836
600
687
911
994
610
987
662
476
1184
781
828
1214
1147
657
1191
699
782
490
731
671
1086
458
796
1001
1070
1114
532
960
852
995
802
688
697
1076
574
689
1151
1220
602
514
708
848
525
863
1035
906
1173
1133
842
638
526
698
1068
858
1216
820
840
654
776
938
883
792
549
1125
1121
463
1224
961
556
528
677
948
944
1162
1097
773
596
1083
1145
818
1230
1221
889
966
1127
522
985
501
666
538
1049
518
1225
809
1171
890
800
942
363
238
234
335
209
225
45
25
304
193
16
347
249
358
72
233
211
260
42
32
394
354
346
43
368
93
202
176
359
99
425
292
317
398
274
163
85
183
403
179
295
91
377
52
160
129
242
185
289
94
429
254
342
337
19
303
419
277
258
356
159
288
86
34
230
88
319
151
154
285
67
324
0
10
174
390
330
401
362
62
299
364
55
123
63
69
17
264
44
37
5
96
191
162
426
391
378
198
432
278
284
273
246
312
9
396
373
283
392
102
8
357
152
434
243
430
115
114
322
314
11
350
417
54
265
431
365
239
61
105
339
107
172
302
28
111
224
192
345
298
167
153
155
421
101
18
58
290
221
182
370
349
348
418
428
369
108
30
423
39
226
416
266
208
402
261
77
309
291
60
380
326
252
116
412
323
103
280
329
320
203
125
400
351
84
199
49
216
51
214
89
343
286
2
87
210
395
178
13
218
3
146
169
389
26
244
415
353
121
131
127
229
134
150
310
223
404
393
195
110
406
318
344
427
388
71
247
250
420
117
272
109
341
282
7
65
236
213
383
68
53
259
144
256
240
248
424
100
173
305
40
313
271
399
166
331
367
29
35
128
79
275
73
22
340
387
148
4
15
366
293
141
315
308
206
1
140
301
47
228
405
316
220
217
381
196
31
14
126
188
205
270
296
262
175
139
180
409
64
57
267
48
187
158
201
38
279
184
120
149
311
137
161
164
122
112
33
408
386
300
231
410
257
82
222
251
124
6
269
281
241
98
385
276
189
24
372
156
227
207
113
20
90
74
232
23
168
118
12
352
294
375
