493
476
459
475
453
988
393
282
201
743
482
755
113
869
1016
928
439
958
943
699
304
92
79
338
94
930
127
51
188
159
122
800
361
821
403
49
770
704
946
784
395
987
542
917
751
555
319
134
190
344
746
381
345
769
826
149
458
581
1048
537
712
718
107
55
397
1005
716
768
838
382
150
132
586
312
1003
173
103
945
829
145
161
1042
832
708
481
721
931
919
506
390
970
232
238
26
649
202
655
653
643
205
207
622
678
682
277
6
16
36
621
214
241
607
40
280
846
491
142
744
508
450
954
906
379
997
786
802
400
289
477
126
369
824
820
833
844
410
337
759
781
854
703
797
952
100
975
572
470
423
985
585
93
579
500
105
766
82
427
955
554
830
1037
407
967
823
524
920
774
934
74
713
109
484
342
146
399
412
494
831
59
314
383
457
942
941
922
318
804
723
404
837
97
847
798
921
187
529
101
78
893
764
936
1019
573
533
61
359
462
45
860
322
485
867
288
705
836
509
949
186
151
795
994
549
471
895
335
779
543
60
590
124
57
320
1023
346
71
327
448
816
386
446
389
525
143
1015
46
730
421
104
52
863
54
136
905
447
724
534
323
584
181
698
801
91
429
531
84
570
308
910
727
329
465
745
962
815
121
195
527
913
865
501
431
710
303
790
48
896
175
445
468
719
808
355
414
183
540
290
451
758
422
167
951
340
192
736
478
148
169
738
96
157
536
569
939
583
793
360
435
321
709
99
578
191
434
803
521
796
728
561
1046
551
466
965
754
1029
147
1024
986
196
904
313
873
174
523
111
594
488
799
783
377
858
139
138
889
725
199
177
731
364
114
58
999
519
63
1017
378
189
541
155
1050
1000
347
856
707
875
64
1022
848
976
740
859
497
339
756
1018
729
556
901
539
489
748
515
388
504
511
328
373
932
733
700
592
133
1032
118
417
492
885
714
827
767
86
1043
305
418
380
294
597
927
879
750
715
112
180
384
747
794
882
1001
787
1035
301
376
841
106
1036
467
396
68
978
56
897
405
455
918
440
81
757
75
141
371
160
915
292
898
140
354
1006
849
535
325
822
433
864
306
117
1014
464
953
1007
963
502
792
171
1049
968
565
385
332
419
1033
741
503
530
558
969
358
401
961
437
408
452
998
1041
548
995
595
771
528
424
546
1010
443
966
564
411
828
1020
950
53
894
884
1030
834
144
948
168
178
487
297
773
391
125
392
307
317
363
1028
560
596
981
872
890
567
574
87
514
108
782
876
343
737
909
375
425
88
356
753
460
587
726
1004
935
331
940
333
352
788
72
853
505
351
971
881
90
842
1011
406
1021
420
742
115
1038
1040
517
575
1047
840
547
892
552
791
438
544
66
334
843
498
991
923
197
887
309
368
129
128
336
571
1012
553
562
490
486
432
409
813
461
868
701
153
398
513
973
120
852
760
845
717
749
496
374
811
349
198
370
912
706
449
302
330
430
526
474
1039
588
809
557
85
775
316
545
785
992
877
862
50
861
483
874
933
123
883
720
805
73
1031
956
964
162
902
80
137
495
62
298
522
989
428
473
974
135
984
295
131
176
350
315
817
1027
880
367
47
442
1034
357
819
182
102
734
402
810
1002
293
444
362
983
765
776
990
166
1025
130
372
568
516
924
95
299
996
818
184
599
1045
512
914
44
510
469
806
170
479
436
911
900
957
98
982
855
1008
929
456
814
722
938
77
532
154
348
735
416
69
580
944
993
499
1026
850
1013
365
163
777
732
761
907
812
711
116
415
886
593
888
871
194
870
582
454
158
563
119
152
507
789
739
979
851
193
702
577
926
1044
480
589
89
762
947
903
908
752
472
566
67
70
825
387
394
780
310
937
463
426
538
960
76
413
835
591
878
291
807
550
326
324
959
110
559
520
341
891
366
778
300
156
772
763
977
164
172
866
441
518
980
179
83
185
353
598
576
916
839
296
65
925
857
1009
972
311
165
899
253
15
17
227
654
660
669
670
9
664
30
208
31
215
638
222
687
600
262
252
270
672
278
611
264
272
10
27
632
646
631
211
240
697
613
210
636
684
674
268
213
275
22
259
206
220
19
32
229
627
605
249
656
29
251
681
658
691
650
35
661
285
602
601
23
2
284
667
266
25
668
239
676
234
203
248
642
14
273
41
281
606
223
212
233
675
8
216
276
286
200
246
204
224
230
225
34
235
38
616
659
692
228
614
626
683
637
625
256
43
254
685
237
680
33
619
623
209
647
28
633
4
657
247
257
690
617
219
604
20
686
663
693
694
612
18
695
242
640
673
226
671
635
3
639
662
651
231
218
271
42
39
260
7
24
629
648
236
21
12
274
5
630
255
267
250
243
244
677
1
618
221
245
217
13
679
645
641
261
279
11
283
37
265
644
696
258
615
609
689
263
287
610
666
624
665
634
603
652
620
628
608
269
688
0
