786
324
77
439
552
485
835
249
227
399
832
312
946
751
996
93
475
923
128
971
1031
55
44
1022
462
90
493
433
319
482
158
391
68
801
827
718
588
821
1036
851
591
381
862
188
307
305
397
371
951
917
360
895
87
83
813
498
466
767
1008
57
749
306
865
908
925
807
318
850
69
193
581
788
159
814
748
562
896
186
168
979
495
499
353
700
954
781
977
872
543
557
48
262
248
274
225
272
204
636
649
26
601
659
269
689
236
685
650
688
275
39
605
647
258
600
429
769
569
578
844
529
728
768
968
442
341
494
460
400
122
998
152
1038
547
92
405
828
719
141
907
144
760
190
970
483
985
746
508
487
309
343
915
520
912
975
526
347
348
848
377
918
366
71
777
73
497
518
899
102
780
420
900
926
771
85
551
913
160
808
364
422
734
939
1005
1018
490
471
934
548
948
867
470
978
404
764
705
711
1049
171
1026
943
1020
984
571
434
904
740
472
50
352
338
556
320
849
365
185
715
370
428
492
170
373
707
830
113
874
326
334
803
542
449
129
558
484
1011
469
741
290
114
454
579
356
79
412
1023
936
501
747
957
46
330
329
504
1027
308
124
1046
512
910
395
881
195
115
151
421
710
316
372
140
406
528
146
729
65
123
80
418
594
164
315
401
298
922
720
74
411
928
426
1014
340
999
991
730
727
378
101
847
952
1012
966
565
965
481
81
759
702
1009
385
145
825
993
920
770
473
331
289
809
359
181
110
321
559
107
387
805
53
967
88
782
407
798
425
930
98
1050
916
436
61
60
778
317
416
336
106
408
1024
903
1039
105
300
157
838
392
327
810
335
737
561
177
362
328
597
553
99
95
374
153
575
51
894
479
924
982
178
137
344
430
402
698
148
873
969
532
444
549
829
448
388
799
762
897
66
459
563
959
914
440
568
871
890
96
590
49
393
119
864
130
574
976
876
703
56
856
389
712
840
390
126
1003
537
1006
84
816
755
784
824
63
288
109
990
1043
180
817
301
937
514
891
325
423
831
861
744
142
554
717
797
519
173
731
576
52
906
350
555
987
750
162
503
775
139
708
889
962
396
530
133
756
112
458
369
478
836
875
541
839
70
845
732
837
1044
517
108
1025
511
410
599
834
477
540
456
757
919
560
167
1033
570
75
942
346
789
451
189
938
706
898
883
935
792
506
858
1000
169
738
134
198
131
724
589
302
963
379
725
811
585
409
819
973
980
524
414
892
117
463
842
884
1013
582
997
311
116
1015
983
303
136
818
394
701
536
502
375
812
763
384
735
443
461
546
564
994
380
398
174
441
550
869
815
523
854
544
183
345
714
595
793
879
823
155
513
383
860
783
577
176
94
67
297
931
1007
1042
367
64
723
940
1030
790
445
143
960
127
752
743
802
376
149
91
147
1035
753
964
431
950
1010
1032
539
902
58
294
184
351
573
480
739
587
927
510
545
538
704
179
464
773
424
855
516
427
796
468
45
1016
474
500
766
339
135
452
949
958
806
76
132
310
413
893
882
580
709
584
175
1037
804
337
1029
877
593
358
292
199
100
986
496
163
956
1047
97
841
533
933
567
721
846
981
293
716
745
527
349
592
299
363
491
521
1002
1045
909
761
172
355
525
489
465
314
995
453
944
885
192
598
154
505
509
182
866
774
887
911
342
304
322
522
870
878
125
945
1028
765
880
54
772
59
586
868
196
166
357
713
457
382
333
197
833
165
78
826
989
596
296
386
992
361
888
432
988
62
742
332
156
726
566
82
121
47
791
1041
905
191
103
446
104
1001
722
953
1004
1017
354
785
507
534
291
455
368
758
419
295
438
488
1034
955
736
531
583
972
187
313
515
111
699
118
89
822
467
886
1021
1048
929
447
941
120
1040
787
853
754
572
852
857
486
415
194
138
437
776
932
947
435
150
72
450
779
161
794
974
843
1019
859
323
901
820
961
795
86
417
476
535
733
403
800
863
921
639
660
670
678
635
637
682
231
669
287
270
10
615
667
32
28
680
621
693
221
31
617
623
210
33
212
6
278
691
640
222
240
622
662
265
281
37
675
683
610
254
645
226
642
19
246
239
284
203
613
686
207
664
627
654
40
276
223
251
283
643
607
661
216
4
245
229
657
692
618
633
25
24
38
2
36
677
243
21
213
264
671
656
219
201
214
16
224
228
631
34
681
253
668
646
42
259
634
215
13
663
211
626
241
624
8
628
7
20
267
235
252
696
676
673
30
205
690
612
608
625
23
611
697
268
644
247
616
672
27
3
209
282
244
620
687
658
603
666
220
35
12
286
694
280
218
679
232
266
263
257
630
255
619
648
217
11
609
242
234
9
206
261
1
256
629
5
22
17
250
14
202
604
655
653
632
638
230
277
271
41
606
614
233
279
652
260
651
674
273
18
695
200
15
602
237
208
43
285
29
665
238
641
684
0
