103
761
414
935
598
185
65
695
287
913
579
567
397
84
799
728
191
307
91
121
156
152
186
982
494
991
831
354
487
755
731
781
886
100
379
318
758
107
138
533
880
140
556
391
744
1041
442
959
485
432
375
841
704
812
802
984
844
937
474
827
165
553
519
721
297
344
1037
408
394
964
925
179
557
373
750
584
170
383
765
1044
1009
76
480
439
804
320
472
503
962
995
981
616
241
20
682
254
653
272
5
281
22
26
43
660
239
683
200
218
666
202
620
9
669
33
790
749
461
455
760
764
857
435
941
1002
1022
940
877
471
566
521
887
172
393
739
895
719
527
144
195
506
1030
514
546
71
963
106
568
1029
768
101
900
390
879
932
752
590
845
99
934
380
484
837
757
50
852
363
317
298
445
824
301
369
866
994
478
559
1005
585
730
915
890
57
599
868
349
907
747
453
754
909
364
850
743
592
960
805
720
548
933
396
985
288
1011
360
502
751
378
733
800
980
969
928
403
898
197
908
952
114
582
851
723
849
82
400
441
1001
467
983
769
180
189
475
339
196
718
124
87
918
787
176
780
727
716
829
949
746
460
184
979
431
1017
956
155
955
1033
79
869
771
454
411
353
130
885
351
75
1020
469
891
134
920
51
169
534
574
73
491
119
315
401
922
377
867
779
806
95
104
875
919
388
699
312
558
990
537
68
59
916
706
936
74
862
554
713
72
300
725
295
876
290
976
52
452
347
874
499
703
505
164
516
734
118
440
570
190
109
168
541
974
49
707
914
83
538
386
80
786
717
797
381
518
912
447
427
978
1012
803
714
405
111
483
309
530
550
856
63
701
948
1024
901
543
939
436
551
489
120
496
954
511
975
1028
410
482
175
938
540
555
893
133
788
810
1026
466
872
326
700
894
404
836
376
861
1031
515
325
759
763
108
508
596
434
748
722
433
188
772
88
55
302
588
726
552
392
724
421
767
182
926
924
389
450
470
181
535
1048
333
346
173
970
136
446
498
738
348
468
415
420
81
809
968
737
896
1035
419
773
444
113
142
523
575
305
70
573
308
818
778
371
735
327
789
395
406
402
464
451
158
572
1047
1014
509
905
97
532
740
705
549
878
127
888
911
47
422
477
345
306
1010
702
54
323
157
732
1038
340
409
512
580
89
66
198
77
1046
1050
529
129
163
294
576
162
595
1039
988
362
563
958
881
587
770
385
892
745
316
437
418
330
322
993
835
48
992
438
1045
78
465
709
910
826
473
794
160
187
178
69
528
117
823
304
820
798
569
986
143
903
146
429
501
561
135
1016
486
67
843
710
1006
597
821
774
289
545
946
423
897
996
350
141
1013
813
1018
842
736
493
967
792
791
950
93
448
443
399
1003
457
589
352
904
947
971
1032
154
293
147
860
1019
367
871
45
828
906
199
811
398
358
526
793
1036
112
741
53
1021
951
193
334
525
931
966
517
372
846
776
708
942
462
456
338
1034
425
865
513
819
321
902
370
60
917
56
500
987
463
753
822
715
998
859
299
342
784
90
366
586
94
815
977
531
889
1027
291
336
159
1007
999
855
883
131
313
479
1042
989
899
458
712
1000
335
520
504
1049
148
698
125
542
177
343
814
122
357
296
292
329
801
488
1015
927
151
311
830
356
194
183
848
930
562
997
476
775
382
192
711
1025
832
359
337
328
785
729
965
839
536
816
449
825
578
762
428
795
571
149
961
341
497
853
972
123
171
459
407
153
1008
945
577
1023
943
426
115
863
145
310
132
303
923
413
374
507
864
1040
547
116
808
167
137
61
833
817
583
85
1043
150
58
355
319
105
782
564
560
492
756
128
332
838
957
384
884
417
166
854
921
361
86
110
98
777
524
96
929
783
973
873
174
858
510
796
62
581
161
481
870
882
495
126
424
539
522
594
944
46
331
544
766
368
324
64
847
742
840
490
139
591
1004
92
102
953
430
565
834
387
365
44
593
412
314
807
416
246
201
211
266
279
236
681
286
262
644
690
217
658
637
36
237
17
632
209
277
31
248
0
692
32
280
676
602
223
28
268
621
208
207
611
654
259
677
212
675
243
13
650
649
697
29
257
693
688
6
12
615
664
631
242
624
14
230
247
612
34
35
250
639
630
628
234
625
645
23
264
220
235
204
617
652
687
678
271
655
689
205
231
643
225
275
38
601
214
671
1
607
30
283
3
648
37
229
282
221
618
2
226
686
238
285
21
605
228
252
633
210
668
608
253
273
261
679
251
224
18
623
663
696
610
265
613
222
665
244
276
606
16
662
659
41
284
267
657
7
638
691
646
674
15
651
684
609
614
215
656
10
260
627
641
680
672
256
213
233
661
636
25
227
11
270
635
278
255
622
263
232
249
634
219
27
39
640
673
619
642
600
203
245
629
8
40
24
667
685
258
42
206
694
604
274
240
603
626
670
269
19
4
647
216
