977
416
66
186
381
792
189
611
1
891
759
718
758
398
870
314
313
57
350
188
724
961
74
1031
789
71
440
525
55
317
98
989
299
843
916
734
425
940
79
308
820
842
530
787
901
146
876
321
73
866
150
742
120
339
290
155
928
1046
986
138
893
112
400
1047
491
957
502
797
1039
771
360
149
361
1025
354
511
752
973
196
482
423
904
94
1014
451
523
906
352
1049
860
558
22
620
606
23
600
29
10
695
255
667
243
683
271
26
224
8
607
680
649
239
210
28
16
595
409
855
382
701
587
534
199
984
981
806
736
522
430
798
1002
391
65
726
778
363
723
60
576
1026
943
552
998
553
467
766
720
868
372
772
49
413
81
505
1019
335
942
888
414
1012
1015
323
744
729
519
969
956
69
988
493
937
829
459
812
82
782
520
753
719
894
1040
177
437
540
581
51
331
833
791
139
466
1029
732
730
395
330
507
145
341
574
1030
75
52
524
113
922
950
513
764
417
506
123
965
472
54
156
460
873
890
813
373
187
779
309
784
588
488
351
157
794
418
1050
319
828
580
97
532
946
714
1016
439
365
436
46
923
898
495
101
105
537
136
882
300
433
305
178
501
1027
921
914
337
844
454
847
738
294
974
130
840
183
475
449
198
962
378
89
735
991
539
497
119
741
763
184
379
705
980
393
819
386
407
815
403
592
837
295
800
346
111
756
918
135
160
751
125
781
385
1005
559
172
310
465
712
516
1020
447
774
371
442
45
878
934
528
1021
557
750
132
61
966
396
334
489
952
1023
776
99
327
591
856
818
154
531
598
289
480
435
955
541
865
877
993
296
547
521
925
841
389
181
817
461
931
143
527
827
151
343
902
905
709
106
990
900
1022
846
91
854
1003
704
412
579
963
109
801
886
941
1001
47
883
796
848
964
428
333
96
1037
549
72
326
746
190
584
362
510
968
717
167
834
959
715
597
338
864
298
862
50
80
192
869
292
748
951
464
496
368
568
799
408
325
364
808
1024
483
499
427
70
107
1007
743
908
874
164
762
126
165
180
176
710
722
760
857
786
586
469
59
975
127
909
175
823
807
919
328
708
831
134
725
457
1045
429
945
887
78
340
542
484
307
424
291
593
512
577
376
550
543
880
421
171
315
571
302
370
867
810
567
486
979
780
318
821
935
463
444
996
356
142
85
853
563
453
355
561
970
747
115
761
401
767
713
471
858
564
777
468
851
949
795
77
369
835
832
958
110
162
322
388
129
306
933
367
405
1008
462
104
141
749
303
994
755
128
441
432
64
1011
147
936
972
518
67
1038
118
344
182
197
494
380
479
948
63
410
700
419
458
152
487
589
932
44
357
721
836
930
566
316
769
897
153
420
871
431
716
803
445
582
573
1018
896
345
548
62
137
555
1041
329
84
822
783
1048
711
983
402
816
926
727
504
545
358
394
377
992
850
907
997
406
492
572
434
1013
585
987
375
503
353
899
426
947
348
455
304
859
481
804
103
168
415
698
976
728
583
397
288
163
1043
845
102
913
324
161
366
536
825
811
790
1028
578
474
1042
706
100
68
301
336
929
92
48
788
740
174
535
443
999
411
320
809
169
802
508
56
1000
392
546
390
838
927
490
83
911
159
446
526
910
450
1035
805
76
768
770
745
754
1032
193
1010
596
515
731
473
939
195
757
954
93
121
944
404
938
556
86
140
793
960
849
707
920
485
448
517
885
399
1034
884
387
924
131
438
194
903
114
570
173
1044
509
124
775
384
1033
312
917
560
148
995
554
733
144
702
158
881
872
88
985
785
892
814
1036
95
569
478
875
514
538
971
1006
533
824
476
342
293
978
562
179
967
1017
297
773
575
116
765
879
839
90
500
982
191
53
347
863
470
422
739
551
332
590
737
889
1004
953
565
108
1009
699
529
170
58
456
185
122
166
895
544
359
374
349
861
117
383
311
477
830
915
498
594
87
852
599
133
912
452
703
826
672
264
284
18
632
687
281
227
218
208
217
688
205
17
21
642
604
11
209
651
236
12
223
225
244
41
202
15
615
634
280
645
222
204
265
691
286
19
266
669
650
602
207
631
276
216
692
42
5
234
233
663
269
610
283
211
7
43
686
630
213
230
215
623
660
252
20
684
260
259
249
226
601
34
622
219
214
270
250
14
39
237
690
608
697
25
621
659
253
232
614
616
654
228
212
257
636
277
251
241
670
267
258
612
275
231
206
40
633
647
282
235
655
637
221
4
30
665
24
38
203
676
626
629
229
13
638
661
664
685
609
262
628
35
273
240
36
666
27
693
619
689
6
613
677
263
200
643
625
274
678
268
272
671
278
254
246
641
681
279
648
675
247
33
627
248
618
640
256
657
37
285
603
639
674
9
624
652
644
2
668
261
287
201
658
656
662
696
673
679
242
220
635
238
646
682
0
32
617
31
694
605
653
245
3
