857
597
1045
414
786
529
995
666
692
902
408
534
323
862
919
350
70
556
1023
356
808
172
69
934
737
854
491
783
195
123
851
329
748
728
882
704
702
953
973
189
792
906
947
844
344
179
994
122
1005
587
579
562
330
167
980
49
148
337
721
775
931
765
546
1033
766
1029
438
791
132
477
472
67
894
53
936
967
435
588
869
423
509
154
1027
713
757
731
761
184
924
340
824
688
18
247
671
258
242
624
648
240
22
229
677
278
39
206
11
673
248
614
662
226
257
6
884
326
145
44
848
596
536
398
845
394
406
75
532
530
332
363
1010
1002
841
458
331
893
461
378
87
298
564
726
168
971
921
400
98
585
840
392
569
879
437
829
150
715
1031
916
470
736
407
176
991
703
590
897
802
149
979
700
909
891
957
853
447
368
448
99
375
581
57
880
858
78
1046
46
100
557
499
409
391
92
812
163
387
594
598
551
388
960
833
801
118
944
800
985
937
1008
723
730
365
988
397
875
526
346
309
699
852
708
896
480
188
50
339
554
915
71
104
930
373
367
859
354
403
465
866
126
767
589
705
311
158
301
899
886
415
807
839
763
297
377
577
121
77
568
543
958
817
196
303
1022
942
384
147
411
842
559
1042
741
505
133
951
764
710
420
541
718
788
1013
907
63
136
883
560
416
60
865
444
525
722
935
926
849
758
968
345
419
946
316
772
983
296
527
74
371
981
820
873
324
492
548
453
319
343
1035
998
379
729
550
965
738
538
982
890
501
739
486
413
528
969
291
360
169
306
103
553
911
102
198
540
776
756
348
358
592
734
374
940
580
777
939
410
450
828
322
989
701
162
107
838
769
91
434
1001
963
432
288
151
48
923
116
753
160
436
333
135
496
139
313
302
744
950
732
299
351
518
885
312
932
720
177
290
593
878
93
1049
315
199
336
724
855
289
970
976
314
806
1021
563
484
1041
978
366
868
115
835
68
82
497
462
972
993
1047
383
928
814
361
794
956
385
171
984
574
452
860
422
830
55
166
481
451
495
307
81
949
362
874
781
131
1009
933
186
561
466
727
1012
898
464
987
338
402
159
1030
86
449
576
112
974
349
516
125
108
558
109
320
977
1015
292
372
399
750
1016
442
908
500
889
910
469
424
427
355
768
357
913
996
119
143
793
990
144
520
89
795
429
117
903
382
54
523
871
524
999
586
895
959
803
175
425
185
823
310
328
515
191
599
347
578
743
95
1050
582
359
584
137
181
826
861
153
396
537
1040
1037
85
714
113
975
141
183
771
334
300
114
473
752
929
797
811
1014
513
1003
815
555
52
170
831
488
517
59
157
352
386
463
941
187
749
317
61
308
539
796
441
780
487
533
1048
827
583
813
938
805
182
72
570
836
418
876
747
522
818
785
164
130
531
881
478
847
152
1034
1044
433
790
850
105
575
799
719
1019
1026
111
380
426
912
79
106
745
709
489
964
986
73
787
88
156
97
1032
507
321
925
778
511
471
809
94
542
431
782
774
927
846
735
706
62
294
954
948
353
711
1025
83
502
595
1000
552
519
784
905
457
572
56
127
161
566
770
445
1018
64
798
740
922
779
493
547
825
819
1028
904
506
129
966
490
872
90
591
376
459
475
146
733
920
474
483
455
421
101
467
454
192
65
460
381
864
47
962
1017
789
571
567
342
295
293
804
335
325
751
193
138
712
512
755
834
914
867
370
304
901
140
504
494
822
1024
128
917
565
178
485
498
155
863
508
142
194
390
544
943
190
482
120
707
698
440
51
1006
1011
1004
955
1043
762
401
369
45
945
84
364
1020
503
888
476
892
80
110
412
545
1036
837
549
759
468
510
405
58
918
173
573
843
1038
716
773
76
197
318
832
174
134
443
760
725
1039
180
479
870
389
746
428
900
742
305
439
124
66
754
961
535
417
514
327
395
717
952
810
821
997
992
446
887
393
1007
341
430
877
456
165
856
816
521
404
96
250
674
273
626
652
642
612
3
270
620
602
260
222
676
215
33
631
280
654
218
615
21
283
274
227
259
236
202
661
7
15
219
267
230
268
17
609
201
691
212
29
35
690
36
2
228
605
271
27
38
220
32
619
42
14
284
255
644
254
287
209
261
41
232
623
252
695
207
275
655
279
640
689
200
630
8
625
665
277
249
282
16
646
235
669
4
663
636
266
205
265
679
9
231
685
224
217
233
641
1
251
10
618
237
264
223
667
696
12
668
658
26
607
43
28
272
221
682
643
246
253
610
647
20
285
649
600
613
13
601
25
632
30
657
40
664
603
627
213
616
683
650
37
687
656
670
660
606
681
621
256
628
203
659
262
31
211
234
208
24
651
204
34
629
245
686
19
680
635
241
678
622
693
645
675
225
276
672
210
653
638
239
611
684
608
214
633
634
604
244
23
697
269
243
637
286
281
694
0
216
263
639
5
617
238
