165
348
927
811
738
735
503
32
610
842
955
729
888
318
864
321
859
569
753
139
170
871
733
45
573
363
351
374
371
1007
1010
829
508
425
752
63
164
68
540
943
383
960
841
759
55
368
536
570
835
146
522
758
499
59
145
103
445
310
168
806
865
174
150
316
507
78
326
556
46
158
1039
380
293
296
981
928
389
406
985
124
1035
194
354
884
571
880
591
497
135
954
376
677
691
648
258
652
233
23
696
18
272
243
20
658
697
629
278
615
679
613
683
16
42
694
415
801
407
723
844
958
852
757
766
742
979
578
940
322
739
784
800
792
716
848
453
468
350
962
399
187
392
972
133
377
879
992
493
894
550
85
945
525
349
555
913
707
926
157
384
302
417
1043
340
57
432
743
394
441
414
798
589
815
868
88
727
382
797
581
544
114
476
825
886
971
471
308
127
108
404
472
590
561
434
502
373
430
439
319
558
93
180
794
1019
73
809
577
166
408
325
935
129
422
498
424
760
298
186
881
918
95
768
976
405
714
99
921
548
429
783
883
393
461
771
514
831
878
87
887
593
799
938
1037
178
740
586
588
826
511
1034
706
192
900
190
957
312
307
834
999
552
531
953
744
585
198
381
79
776
988
176
765
175
774
1048
596
1049
184
421
92
751
104
505
396
446
155
592
436
49
473
802
484
861
147
908
537
306
479
112
375
822
527
510
559
378
872
71
490
956
736
779
858
332
855
513
107
710
519
990
447
893
320
328
323
982
56
98
183
543
532
137
294
755
816
1032
567
924
148
485
722
819
566
565
778
336
845
171
724
925
898
466
188
290
737
1030
66
772
487
862
1025
574
182
47
330
789
824
762
853
411
460
810
1046
516
708
365
370
469
141
76
450
185
919
151
361
478
329
315
827
464
910
520
110
90
437
470
546
905
1002
698
705
1018
817
728
709
968
156
533
475
1033
891
713
745
535
832
343
91
169
869
863
754
701
295
813
167
984
539
850
1042
440
181
934
563
770
291
433
115
843
123
725
300
839
347
866
474
948
177
193
138
560
528
160
120
489
874
914
486
530
418
463
512
337
978
1031
821
401
301
734
395
77
703
718
562
867
67
731
1024
995
517
781
541
153
761
568
1028
96
416
895
966
715
920
482
397
987
480
443
435
400
747
438
911
117
1008
785
289
60
582
885
1014
70
732
1005
974
804
942
409
402
391
922
711
538
305
1050
459
890
64
58
944
1012
324
109
387
69
412
500
554
353
388
547
122
1021
359
807
504
83
173
331
730
1044
303
50
495
579
997
906
1027
1013
700
959
549
901
352
961
849
576
969
467
75
420
179
142
355
364
172
403
702
1026
144
386
518
342
360
86
597
746
599
102
996
767
81
967
53
790
963
598
923
197
444
126
897
915
334
980
796
51
427
94
335
1006
121
140
912
870
492
61
455
994
749
288
317
1029
369
763
344
134
89
366
199
929
699
812
105
964
748
595
704
557
572
481
946
769
457
786
313
1040
818
345
496
524
358
341
54
100
847
750
875
1020
892
854
907
426
903
553
756
717
143
111
1015
775
1000
506
933
542
385
458
189
777
873
154
950
805
372
951
1023
846
877
986
949
80
515
152
857
299
491
838
941
1038
136
292
309
1017
456
191
830
521
410
462
423
74
975
856
314
116
795
545
65
808
529
780
297
932
442
1011
501
860
346
398
896
787
909
973
304
82
741
106
494
803
791
523
726
132
451
1003
587
721
580
836
947
428
1009
851
131
128
488
952
327
509
720
889
357
338
564
764
333
1016
196
125
936
62
159
44
991
904
1036
993
998
1001
931
575
48
118
917
101
431
449
977
113
820
833
594
1004
840
339
311
448
788
130
195
1047
930
583
367
534
413
97
477
712
989
454
526
782
119
390
773
584
983
970
1045
149
939
379
162
551
163
793
814
876
483
828
52
837
72
899
84
356
419
452
465
161
1022
916
1041
937
902
823
719
362
882
965
280
259
654
211
611
34
637
254
225
218
219
660
28
693
239
221
618
605
631
667
12
608
213
227
664
17
202
264
671
11
244
3
678
656
277
614
43
622
670
201
245
1
685
640
235
256
649
655
279
205
19
600
625
41
647
638
274
620
644
695
287
6
37
250
257
286
661
2
261
634
25
263
252
36
251
619
268
668
234
680
14
262
224
232
666
624
606
242
636
657
39
676
248
628
651
246
31
665
215
240
633
230
672
38
645
4
270
40
238
206
241
669
212
9
208
663
214
22
689
612
7
255
26
15
609
226
639
27
682
275
273
284
688
24
601
674
10
643
621
623
653
684
617
616
222
207
267
632
216
35
604
626
642
681
217
204
210
266
236
265
260
247
627
276
209
281
203
253
675
607
223
283
650
228
686
237
692
5
690
662
249
29
30
8
0
200
271
269
603
220
282
33
673
13
231
630
285
687
641
646
635
229
659
21
602
