586
164
305
433
51
1030
782
37
617
438
967
481
932
507
401
298
1040
924
756
786
839
493
421
769
524
429
295
497
428
891
954
878
495
526
862
996
745
869
904
703
896
73
1049
736
197
517
484
384
520
575
366
508
120
157
964
105
99
576
336
333
453
972
442
826
127
538
906
945
67
776
310
855
953
860
834
787
784
183
910
842
1008
934
117
973
369
86
588
933
730
707
1011
603
8
19
650
244
622
251
3
639
2
285
39
282
213
658
280
11
241
253
209
228
214
22
732
569
991
873
189
1020
368
96
297
947
960
352
771
907
463
574
511
838
998
118
112
578
746
92
800
69
936
752
1002
317
764
101
322
138
708
803
62
1047
45
986
912
142
1034
396
381
819
133
115
423
971
980
863
329
798
846
738
766
970
145
763
402
165
1004
754
879
874
483
84
1007
943
432
504
955
146
1013
175
364
554
303
555
149
509
194
977
814
568
1021
550
518
478
378
126
809
1018
898
136
949
173
90
894
830
382
714
1012
779
387
537
794
741
111
731
885
373
890
343
71
990
319
808
331
941
856
113
184
852
807
853
992
479
180
371
179
753
160
139
849
802
1042
742
805
927
843
513
870
791
427
570
174
388
152
1031
940
699
851
716
939
595
790
81
348
796
344
87
937
1044
539
419
916
345
171
91
827
398
98
1039
480
413
847
414
291
596
804
346
482
831
471
582
110
431
435
761
337
923
820
1046
1024
163
144
1027
701
170
185
341
928
48
74
739
884
377
580
104
299
1033
499
468
100
367
747
728
50
864
426
1014
930
47
724
968
755
723
360
587
1038
487
44
965
886
957
871
961
445
579
979
556
514
748
821
56
416
901
789
330
425
1006
836
465
114
1015
780
785
956
1043
166
911
720
375
59
950
349
356
459
857
735
58
1026
380
917
502
585
989
532
451
290
817
411
577
527
473
598
464
365
355
806
54
553
292
147
505
379
881
749
1032
908
358
772
1023
440
887
49
721
523
313
83
176
969
549
531
361
825
302
775
1016
357
713
867
994
795
409
868
854
437
536
948
1041
95
446
158
492
162
920
472
758
325
942
383
150
134
958
552
773
470
768
565
743
77
151
192
199
324
581
778
496
390
727
452
558
123
307
296
717
406
700
466
187
877
418
1010
760
812
889
485
962
109
434
108
72
351
318
722
477
774
880
293
995
702
829
544
711
386
921
82
186
405
902
422
467
315
542
799
975
1005
845
335
597
704
801
976
55
448
436
895
900
439
454
584
915
1045
97
966
161
1048
455
392
191
510
1003
1037
983
888
321
294
944
353
918
94
818
810
198
306
143
1022
560
997
866
132
572
489
154
474
737
444
1019
326
172
76
462
486
844
919
559
922
590
128
64
913
316
522
182
415
567
726
512
883
347
777
984
417
500
593
400
926
338
710
449
135
841
88
148
765
309
61
441
905
982
116
376
897
767
988
311
443
876
66
476
951
781
725
125
153
103
323
181
925
999
93
848
1025
308
770
494
488
525
557
420
583
288
872
456
1000
85
68
935
461
178
698
389
757
719
591
53
566
959
729
469
573
457
899
706
408
832
563
715
1029
751
705
350
599
80
865
89
529
328
342
551
403
811
430
394
534
475
833
816
177
63
130
858
122
1028
140
931
823
424
909
167
460
498
718
121
169
78
370
859
541
374
354
734
762
938
759
52
744
362
107
974
515
339
193
981
102
547
195
813
190
592
155
882
1017
359
340
1035
978
987
562
750
334
412
850
545
783
397
490
929
519
168
399
589
963
1036
458
393
57
516
893
564
543
79
410
65
835
395
946
840
815
304
289
540
312
914
385
797
60
447
828
733
533
788
535
327
75
131
188
363
993
903
571
70
792
824
506
141
561
159
546
46
129
952
137
1050
709
530
740
391
196
450
793
320
501
407
548
300
528
521
985
822
332
301
594
314
491
119
404
156
372
124
1001
837
712
875
861
503
106
892
1009
610
203
225
662
621
667
656
218
657
234
275
616
274
619
32
221
653
694
284
36
682
680
43
264
611
693
647
267
634
247
630
9
637
269
14
615
629
265
688
258
286
681
15
249
675
685
243
212
606
246
607
7
266
277
261
260
206
669
259
41
245
636
642
696
223
0
602
219
605
690
257
673
205
638
643
10
34
632
220
1
6
279
252
601
695
240
689
21
263
665
645
38
608
697
40
227
612
649
248
202
17
207
5
33
663
287
672
229
633
12
678
255
238
624
691
644
211
666
276
28
262
210
677
686
655
42
676
231
20
679
4
273
640
661
614
235
200
684
626
646
250
692
671
278
270
208
664
283
224
613
230
254
236
620
18
16
35
687
627
30
242
281
651
222
217
27
683
660
215
237
23
628
31
618
625
24
25
631
648
670
609
201
26
216
226
232
604
272
256
268
29
674
239
654
600
659
13
641
233
652
668
271
635
204
623
