739
829
390
340
737
578
63
229
621
475
453
1029
52
574
870
583
979
848
778
393
747
189
1020
437
289
948
810
380
75
889
800
699
567
929
1037
345
836
575
957
930
290
770
507
119
301
973
999
1026
90
581
55
972
1034
760
146
383
1038
199
1019
994
844
86
728
591
890
1021
384
139
337
91
734
305
731
752
387
917
102
397
952
753
401
967
288
1015
898
451
375
573
432
971
963
613
627
619
673
257
39
222
266
34
681
268
249
225
208
279
219
252
283
285
286
231
692
680
411
308
1006
884
943
944
531
849
772
449
442
480
447
357
497
717
804
820
296
122
714
1005
769
991
926
1039
166
150
153
170
983
919
446
791
49
806
565
421
336
982
922
50
471
130
399
138
191
462
171
935
346
107
488
59
355
173
1013
374
557
370
960
476
473
579
577
1003
509
93
193
895
528
379
864
907
510
450
784
735
834
854
500
723
875
131
808
178
333
386
499
1022
877
742
482
1027
947
330
707
796
588
556
970
294
977
302
188
704
995
195
181
965
80
823
69
521
773
826
48
506
1048
902
134
550
882
1028
856
135
359
112
158
900
543
998
992
1033
304
758
523
389
66
484
904
520
594
105
376
771
761
1050
853
539
729
99
708
44
144
762
465
942
540
866
504
703
118
1000
53
580
569
838
892
792
438
906
412
194
937
169
361
162
495
331
514
767
110
871
959
899
555
64
859
736
508
713
1032
949
454
748
566
1036
332
845
987
867
402
354
1047
719
87
832
534
120
198
720
512
537
82
558
405
311
381
782
400
1016
750
413
797
712
730
801
781
145
529
533
559
597
298
858
424
404
846
417
395
77
595
990
334
154
744
501
382
843
51
554
749
912
316
705
92
764
913
511
468
445
561
702
962
706
114
883
1024
458
143
552
715
1011
148
466
857
562
893
722
467
113
956
133
46
474
371
329
795
827
98
513
901
936
1043
833
363
830
321
924
989
776
472
585
456
586
117
835
590
880
477
818
338
1046
572
125
479
392
745
774
978
741
109
325
711
116
765
436
152
419
733
455
878
1007
165
89
879
821
324
582
759
128
197
547
923
394
388
503
481
842
430
373
398
757
789
828
396
459
161
341
81
538
975
872
88
928
422
47
710
701
104
541
522
129
886
518
111
938
860
425
802
756
788
403
874
187
738
409
837
816
777
813
292
186
444
799
137
951
167
1017
986
486
72
570
347
548
183
366
123
339
300
327
873
1001
535
423
905
909
1004
319
939
391
1025
358
984
918
881
997
988
780
312
79
1049
406
1042
549
1014
175
961
980
954
315
106
551
108
348
599
779
515
62
852
502
532
176
431
344
746
524
172
440
182
763
439
65
996
896
593
851
716
141
560
160
95
127
888
469
326
768
115
448
190
313
76
487
83
157
955
185
68
360
840
1040
408
452
876
931
850
571
721
318
790
553
101
54
303
364
490
314
297
915
563
322
516
596
985
903
70
726
1035
310
415
367
1012
362
732
385
309
727
740
498
428
914
426
317
149
787
587
824
576
785
126
84
709
589
132
184
353
1045
420
953
945
887
1041
492
121
485
100
124
441
1023
136
151
463
410
783
156
164
568
950
67
372
196
743
927
525
519
435
295
725
496
1030
293
839
140
718
925
964
365
841
85
180
168
793
517
147
814
429
584
786
78
1010
335
754
700
775
378
969
299
564
933
142
916
755
958
155
811
831
434
443
863
489
862
416
433
815
946
71
526
377
869
368
809
976
546
45
724
414
461
96
885
103
460
544
911
306
343
56
825
174
307
941
921
60
159
1044
494
822
542
981
1002
457
698
910
766
807
94
58
934
192
530
592
342
932
427
505
812
351
179
751
908
545
491
478
536
817
291
1031
897
527
968
861
920
464
966
323
407
320
1018
855
974
891
97
328
483
349
369
493
847
803
356
598
865
73
352
805
868
61
163
798
940
993
1008
418
177
894
350
74
57
819
794
470
1009
24
234
247
267
682
230
5
616
614
200
617
694
18
663
207
687
668
272
1
641
217
676
245
628
652
631
13
658
269
19
610
649
282
218
688
201
233
2
693
221
642
264
639
241
280
202
270
246
32
605
29
3
10
250
604
625
686
685
665
601
671
36
238
618
664
659
206
624
28
14
640
209
661
281
215
632
220
674
657
263
261
30
609
615
7
237
242
244
623
644
655
205
612
210
607
276
678
653
21
23
629
636
691
31
25
637
248
278
20
679
606
203
22
633
647
0
635
204
622
690
41
695
669
37
223
4
670
214
262
243
287
662
43
620
11
253
273
643
12
646
255
675
608
213
656
258
235
17
33
40
683
38
42
15
626
677
600
667
638
239
650
611
645
275
274
8
265
9
630
236
254
651
226
16
271
672
696
227
251
666
6
35
697
212
240
284
228
684
211
660
27
277
216
603
634
260
256
224
602
26
648
654
689
232
259
