325
1007
74
1026
1036
733
335
30
662
323
135
405
448
423
196
351
382
58
764
377
781
319
875
704
310
97
846
739
433
742
175
118
1001
924
291
777
115
173
69
180
400
1030
398
817
754
736
989
843
177
778
880
294
730
108
1024
352
198
410
441
576
532
826
1032
816
812
497
555
588
519
1021
883
787
799
100
1027
415
752
574
130
755
938
184
449
487
70
344
304
331
482
784
478
622
609
601
202
227
215
607
275
6
665
696
272
226
604
689
277
228
243
248
40
628
236
211
188
975
51
894
159
807
155
773
780
122
906
748
179
87
769
132
473
709
406
537
982
143
64
311
717
538
933
375
109
197
705
964
48
760
911
72
137
458
779
469
959
937
853
421
186
63
940
590
89
751
463
316
437
176
489
505
125
191
292
528
888
767
450
151
963
837
456
790
706
745
101
569
488
84
66
737
572
160
393
715
379
142
969
85
516
898
167
971
53
363
803
524
905
558
981
957
763
119
586
825
190
138
756
822
328
565
491
60
992
871
429
811
148
376
545
466
353
579
392
943
166
86
710
832
113
399
548
852
912
749
838
127
581
307
438
746
716
958
702
407
814
854
577
791
863
849
728
356
700
1050
1011
293
451
540
154
76
920
549
390
901
707
62
860
81
759
1019
551
289
953
162
430
82
550
386
758
725
492
1045
185
357
591
1035
309
909
573
523
935
828
808
557
922
535
884
427
732
432
136
442
792
112
820
967
818
103
312
841
819
847
1029
99
757
980
956
1033
315
164
861
54
877
468
426
425
546
192
584
562
1031
373
128
439
556
936
772
786
95
326
144
795
431
380
337
397
403
599
984
1008
729
480
340
571
968
930
987
301
1037
923
915
734
52
802
900
474
570
94
484
412
698
948
349
418
391
140
68
341
539
443
1004
334
889
806
859
56
1013
330
117
313
436
402
903
1041
45
383
156
833
931
361
413
498
997
929
881
348
873
187
867
387
876
171
965
339
368
1049
354
952
1014
797
147
719
785
951
454
65
869
978
796
895
543
302
384
525
1018
129
1015
116
720
504
494
892
941
467
477
910
446
194
396
794
73
908
842
503
960
718
927
385
919
1047
768
942
364
152
552
360
917
178
845
374
1023
561
902
872
907
770
90
71
815
153
314
1009
107
372
824
297
830
955
783
1010
92
531
727
124
126
580
744
1020
890
170
840
805
1017
358
974
518
741
1038
75
483
829
453
904
896
50
916
381
55
866
885
513
515
878
564
740
804
914
88
711
308
743
460
961
479
67
701
416
985
774
298
1002
1039
801
181
999
182
343
336
133
530
947
1034
949
193
593
322
169
296
966
93
1043
83
46
345
839
365
568
306
520
868
879
114
389
1044
510
708
713
899
490
979
366
141
585
529
946
163
493
370
150
991
864
507
788
96
970
199
596
367
342
534
502
526
104
157
105
762
1046
333
501
158
893
481
1022
434
809
544
874
444
459
329
554
862
945
962
587
470
926
726
183
300
509
865
533
1040
290
567
597
506
823
411
378
145
475
1006
775
189
983
338
582
973
699
428
595
471
928
724
174
359
445
986
320
452
750
1005
897
793
765
472
149
932
776
346
738
541
318
559
350
954
512
851
887
560
78
594
998
131
735
417
394
1042
80
721
563
98
401
522
886
305
891
121
913
988
944
168
722
110
836
813
420
388
195
835
583
766
712
447
547
753
566
295
977
598
139
882
303
972
703
419
371
856
457
79
455
465
1048
858
870
409
723
355
461
499
347
934
414
800
514
821
918
146
91
161
476
404
321
589
831
575
976
57
172
810
798
771
395
462
578
362
435
994
44
1016
464
123
1028
508
77
120
844
1012
521
761
299
848
106
61
542
49
1025
1000
324
827
332
424
369
747
834
440
288
925
855
731
857
134
500
485
327
517
102
111
495
592
996
486
995
165
317
950
921
714
47
422
496
536
553
990
527
408
1003
993
59
511
789
850
939
782
22
674
260
611
661
664
0
200
639
232
695
235
259
685
32
697
621
688
606
663
41
273
286
208
14
276
251
638
266
258
234
253
13
637
658
39
201
653
1
287
648
669
38
676
265
626
666
23
19
264
3
285
221
245
219
683
242
603
675
624
655
633
261
4
34
672
616
642
278
10
647
33
237
247
16
656
692
252
244
206
605
268
643
17
269
651
223
659
24
250
31
210
686
15
690
679
7
610
212
631
27
694
222
615
26
25
645
284
271
670
5
640
649
37
43
691
274
256
283
644
618
684
281
20
652
678
625
262
677
650
254
204
629
18
623
216
263
641
2
8
646
693
619
249
209
614
203
600
668
205
654
257
617
279
667
9
238
224
220
29
632
613
620
267
657
671
233
682
229
608
270
660
246
225
630
213
230
11
680
627
241
28
36
207
218
634
635
35
673
21
602
681
231
255
687
239
240
12
42
217
282
214
612
280
636
