912
997
468
908
453
969
784
270
612
469
548
550
984
526
181
154
699
571
494
846
366
509
747
980
972
357
549
483
342
786
527
516
64
74
396
146
73
598
68
373
872
457
375
960
172
83
555
514
529
523
807
870
1040
698
838
781
360
93
924
339
418
411
996
428
1014
950
463
591
45
777
192
416
966
144
167
151
1032
441
434
818
755
574
714
566
910
530
452
479
340
744
981
632
267
10
245
14
213
676
29
0
230
222
605
32
610
234
663
664
2
31
685
212
20
695
709
572
888
169
829
348
726
293
86
129
140
117
432
539
751
158
953
811
329
508
107
992
296
311
190
915
56
856
515
301
503
498
113
156
975
426
46
1027
855
54
327
492
189
184
849
885
587
502
506
313
354
466
837
939
990
895
790
414
381
815
983
108
868
860
49
473
427
391
999
153
741
541
987
193
57
934
135
757
77
701
768
145
417
377
111
1033
188
717
933
116
852
149
413
110
459
197
931
446
905
196
330
968
462
424
764
359
164
869
481
103
173
778
80
422
493
831
567
836
517
436
1017
87
465
584
297
974
488
333
865
84
304
148
853
139
957
180
729
819
586
487
482
585
161
720
194
522
816
731
1020
1023
429
520
576
328
1010
99
536
788
320
964
823
1008
386
538
95
881
171
730
174
362
810
344
474
371
540
970
125
828
431
152
170
524
505
133
55
825
78
949
294
740
402
310
421
783
898
802
352
62
787
826
321
141
936
806
866
355
958
315
448
123
356
813
420
162
324
392
1044
476
442
403
511
66
1039
1002
824
926
325
484
914
759
467
440
553
1043
749
982
776
862
891
100
449
53
439
380
98
785
58
1049
772
443
902
314
1018
166
827
435
521
199
556
947
528
401
805
722
364
792
51
519
138
1022
589
557
721
532
1037
599
973
501
399
47
177
126
978
105
353
873
918
935
833
92
1035
845
897
485
400
323
894
822
1048
798
917
732
182
889
928
1016
496
707
405
1034
899
406
890
809
955
535
559
104
486
67
945
451
543
941
295
179
365
561
407
419
336
570
840
880
546
814
848
291
597
801
409
843
76
510
490
398
97
531
358
994
906
1046
937
112
769
497
932
867
797
60
971
389
821
471
573
306
808
425
134
157
761
433
961
370
938
130
775
461
298
817
382
713
582
946
65
965
1005
871
518
859
159
942
412
163
547
1047
430
927
147
1031
847
796
464
991
758
533
711
155
725
1021
921
962
993
988
454
753
909
1041
299
72
771
752
394
1050
596
1029
940
595
109
369
877
1009
850
305
706
594
85
800
712
708
119
812
876
727
143
504
581
341
444
763
1036
410
779
734
590
930
374
737
303
175
967
893
317
332
986
499
478
408
920
1015
575
985
96
578
739
44
176
1013
160
70
794
799
337
388
916
588
335
345
716
115
326
79
48
513
545
704
832
766
318
187
415
447
919
191
308
743
765
564
896
316
1024
455
183
1000
1038
887
748
954
760
976
1011
944
875
491
346
959
789
307
178
168
334
780
383
1030
90
507
475
50
185
347
835
1025
756
376
102
770
844
583
142
745
290
791
534
700
361
472
124
989
733
900
738
132
136
372
551
395
331
351
1042
884
495
943
762
735
907
385
948
767
903
562
82
782
851
839
901
404
52
384
1006
367
458
106
512
742
378
1004
89
834
719
803
754
773
892
715
122
312
309
1007
69
61
861
480
579
198
120
397
477
951
998
445
703
956
1003
854
952
423
1001
580
88
592
349
565
560
338
544
91
319
81
393
390
118
94
59
63
542
863
904
842
195
1045
830
913
705
569
137
350
101
886
774
552
554
879
995
489
874
923
820
568
437
150
537
911
500
558
710
470
925
165
793
702
368
857
302
525
1012
127
322
728
883
75
300
450
131
882
577
289
71
456
858
1019
841
1026
979
128
750
718
723
977
963
292
363
795
379
736
186
343
288
804
563
929
878
922
387
121
1028
593
114
864
460
746
724
438
223
224
34
256
281
235
631
11
286
667
669
237
625
620
636
647
648
651
33
634
276
215
255
12
642
25
248
206
217
254
691
684
239
18
246
258
238
693
683
269
273
227
616
6
247
662
635
678
209
201
606
40
627
697
241
655
233
42
250
43
280
615
608
650
652
692
278
617
28
690
226
682
622
624
249
232
257
287
607
202
211
13
37
38
30
633
671
16
640
225
218
205
216
26
200
641
275
609
8
602
263
688
219
268
611
660
670
643
621
5
35
210
36
626
689
39
264
665
252
279
637
686
668
214
4
654
638
24
675
243
231
251
658
266
259
673
204
272
672
601
645
242
661
679
653
604
253
41
1
619
680
27
659
262
15
614
277
639
260
666
23
208
649
3
22
240
646
19
687
674
282
221
681
600
656
613
629
694
244
228
603
623
630
229
261
283
220
618
274
9
236
7
628
696
265
657
285
17
644
284
677
21
271
203
207
